from,to,status,distance210913,time210913,distance030813,time030813,distDiff,timeDiff
Agrigento,Alessandria,OK,1559667,62782,1559362,63285,305,-503
Agrigento,Ancona,OK,1125830,51630,1125902,51633,-72,-3
Agrigento,Andria,OK,766043,38753,765978,38749,65,4
Agrigento,Aosta,OK,1707920,68420,1707884,68904,36,-484
Agrigento,Arezzo,OK,1166740,49986,1166812,49989,-72,-3
Agrigento,Ascoli Piceno,OK,1073420,48658,1073492,48658,-72,0
Agrigento,Asti,OK,1595335,64010,1595348,64492,-13,-482
Agrigento,Avellino,OK,746598,36423,746669,36426,-71,-3
Agrigento,Bari,OK,721203,36922,721138,36918,65,4
Agrigento,Barletta,OK,771528,38884,771463,38880,65,4
Agrigento,Belluno,OK,1569945,62376,1569942,62759,3,-383
Agrigento,Benevento,OK,782389,37848,782460,37851,-71,-3
Agrigento,Bergamo,OK,1550666,62493,1567715,63035,-17049,-542
Agrigento,Biella,OK,1625430,65300,1625396,65781,34,-481
Agrigento,Bologna,OK,1326878,55281,1326873,55664,5,-383
Agrigento,Bolzano - Bozen,OK,1591976,63534,1591970,64015,6,-481
Agrigento,Brescia,OK,1506398,60719,1506393,61415,5,-696
Agrigento,Brindisi,OK,721158,36974,721158,36988,0,-14
Agrigento,Cagliari,OK,547144,50715,1569190,221523,-1022046,-170808
Agrigento,Caltanissetta,OK,58150,3561,58150,3561,0,0
Agrigento,Campobasso,OK,846060,41387,846130,41389,-70,-2
Agrigento,Carbonia,OK,625234,54363,1599486,223478,-974252,-169115
Agrigento,Caserta,OK,785845,38075,785916,38078,-71,-3
Agrigento,Catania,OK,177893,8757,177894,8757,-1,0
Agrigento,Catanzaro,OK,432935,23954,432936,23954,-1,0
Agrigento,Chieti,OK,971078,46683,979604,46776,-8526,-93
Agrigento,Como,OK,1575481,62799,1575475,63283,6,-484
Agrigento,Cosenza,OK,461186,25083,461186,25083,0,0
Agrigento,Cremona,OK,1491526,60251,1491520,60732,6,-481
Agrigento,Crotone,OK,499751,27666,499752,27666,-1,0
Agrigento,Cuneo,OK,1597087,65685,1597165,65688,-78,-3
Agrigento,Enna,OK,100423,5969,100424,5969,-1,0
Agrigento,Fermo,OK,1072908,49638,1072980,49641,-72,-3
Agrigento,Ferrara,OK,1371709,56704,1371703,57087,6,-383
Agrigento,Firenze,OK,1222564,51628,1222961,51631,-397,-3
Agrigento,Foggia,OK,781965,39784,782037,39787,-72,-3
Agrigento,Forlì,OK,1299721,56277,1299792,56280,-71,-3
Agrigento,Frosinone,OK,895418,41076,895488,41079,-70,-3
Agrigento,Genova,OK,1456978,60086,1457049,60087,-71,-1
Agrigento,Gorizia,OK,1604382,64224,1604393,64944,-11,-720
Agrigento,Grosseto,OK,1151574,51039,1151645,51042,-71,-3
Agrigento,Iglesias,OK,602541,53321,1572515,222476,-969974,-169155
Agrigento,Imperia,OK,1573594,64667,1573666,64670,-72,-3
Agrigento,Isernia,OK,858530,41008,858601,41111,-71,-103
Agrigento,L'Aquila,OK,981642,45078,981682,45076,-40,2
Agrigento,La Spezia,OK,1370606,56552,1370677,56555,-71,-3
Agrigento,Lanusei,OK,1373755,51216,1458447,217760,-84692,-166544
Agrigento,Latina,OK,942093,43696,942164,43702,-71,-6
Agrigento,Lecce,OK,757311,38410,757311,38424,0,-14
Agrigento,Lecco,OK,1575062,63027,1575056,63510,6,-483
Agrigento,Livorno,OK,1311956,55309,1312027,55312,-71,-3
Agrigento,Lodi,OK,1498938,60237,1498932,60718,6,-481
Agrigento,Macerata,OK,1109321,51226,1109396,51229,-75,-3
Agrigento,Mantova,OK,1421618,58034,1421613,58515,5,-481
Agrigento,Massa,OK,1342578,55479,1342652,55483,-74,-4
Agrigento,Matera,OK,655743,34664,655721,34677,22,-13
Agrigento,Messina,OK,273900,12608,271587,12607,2313,1
Agrigento,Milano,OK,1523298,61031,1523291,61514,7,-483
Agrigento,Modena,OK,1355382,56457,1355382,56939,0,-482
Agrigento,Monza,OK,1535486,61429,1535480,61913,6,-484
Agrigento,Napoli,OK,770138,37402,770209,37405,-71,-3
Agrigento,Novara,OK,1576852,63541,1576837,64025,15,-484
Agrigento,Nuoro,OK,1446422,54891,1398684,214542,47738,-159651
Agrigento,Olbia,OK,1514478,57928,1296891,210271,217587,-152343
Agrigento,Oristano,OK,639241,54382,1478013,217942,-838772,-163560
Agrigento,Padova,OK,1442641,58761,1442633,59144,8,-383
Agrigento,Palermo,OK,128778,7303,128778,7303,0,0
Agrigento,Parma,OK,1408025,58137,1408020,58617,5,-480
Agrigento,Pavia,OK,1512172,61383,1512186,61865,-14,-482
Agrigento,Perugia,OK,1120773,49500,1120843,49503,-70,-3
Agrigento,Pesaro,OK,1189068,54067,1189129,54070,-61,-3
Agrigento,Piacenza,OK,1462499,59165,1462494,59642,5,-477
Agrigento,Pisa,OK,1303076,54836,1303147,54839,-71,-3
Agrigento,Pistoia,OK,1261417,52725,1261941,52764,-524,-39
Agrigento,Pordenone,OK,1551403,61624,1551401,62281,2,-657
Agrigento,Potenza,OK,675817,34284,675889,34287,-72,-3
Agrigento,Prato,OK,1244819,52343,1244890,52346,-71,-3
Agrigento,Ragusa,OK,134389,7934,134235,7946,154,-12
Agrigento,Ravenna,OK,1314064,56792,1314135,56757,-71,35
Agrigento,Reggio di Calabria,OK,298331,18280,298333,18280,-2,0
Agrigento,Rieti,OK,1041485,46552,1041556,46548,-71,4
Agrigento,Rimini,OK,1219502,55104,1219562,55106,-60,-2
Agrigento,Roma,OK,971797,44013,971868,44016,-71,-3
Agrigento,Rovigo,OK,1404589,57379,1404600,57763,-11,-384
Agrigento,Salerno,OK,716186,35168,716257,35171,-71,-3
Agrigento,Sanluri,OK,593903,52855,1525162,219468,-931259,-166613
Agrigento,Sassari,OK,759715,59444,1395736,215636,-636021,-156192
Agrigento,Savona,OK,1498215,61688,1498294,61691,-79,-3
Agrigento,Siena,OK,1196338,51148,1196409,51151,-71,-3
Agrigento,Siracusa,OK,227825,10805,227827,10805,-2,0
Agrigento,Sondrio,OK,1654620,66701,1654681,67263,-61,-562
Agrigento,Taranto,OK,657465,34368,657465,34368,0,0
Agrigento,Tempio Pausania,OK,1555582,60133,1339053,212485,216529,-152352
Agrigento,Teramo,OK,1039286,46678,1039358,46678,-72,0
Agrigento,Terni,OK,1051831,46870,1051903,46873,-72,-3
Agrigento,Torino,OK,1642332,66011,1642327,66492,5,-481
Agrigento,Tortolì,OK,1355709,50373,1456355,217687,-100646,-167314
Agrigento,Trani,OK,758358,38378,758293,38374,65,4
Agrigento,Trapani,OK,184221,11023,184221,11022,0,1
Agrigento,Trento,OK,1535929,61336,1535924,61817,5,-481
Agrigento,Treviso,OK,1493821,60221,1493818,60604,3,-383
Agrigento,Trieste,OK,1633709,64632,1633677,65384,32,-752
Agrigento,Udine,OK,1593623,63515,1593943,64338,-320,-823
Agrigento,Urbino,OK,1210636,54771,1210701,54786,-65,-15
Agrigento,Varese,OK,1583527,63104,1583521,63588,6,-484
Agrigento,Venezia,OK,1478943,59690,1478412,60026,531,-336
Agrigento,Verbania,OK,1627876,65125,1627875,65608,1,-483
Agrigento,Vercelli,OK,1607908,64543,1607897,65027,11,-484
Agrigento,Verona,OK,1453947,59054,1453948,59501,-1,-447
Agrigento,Vibo Valentia,OK,370331,21666,370332,21666,-1,0
Agrigento,Vicenza,OK,1474929,59713,1474924,60098,5,-385
Agrigento,Villacidro,OK,592296,53090,1542077,220737,-949781,-167647
Agrigento,Viterbo,OK,1056297,47240,1056368,47243,-71,-3
Alessandria,Agrigento,OK,1543317,61625,1543839,61646,-522,-21
Alessandria,Ancona,OK,465356,17847,465362,17862,-6,-15
Alessandria,Andria,OK,867504,30321,867481,30335,23,-14
Alessandria,Aosta,OK,168506,7141,168475,7141,31,0
Alessandria,Arezzo,OK,416095,14044,416043,14042,52,2
Alessandria,Ascoli Piceno,OK,577861,20556,577838,20570,23,-14
Alessandria,Asti,OK,44798,2145,44816,2146,-18,-1
Alessandria,Avellino,OK,837247,27325,837206,27382,41,-57
Alessandria,Bari,OK,918123,32375,918100,32388,23,-13
Alessandria,Barletta,OK,866758,30395,866732,30409,26,-14
Alessandria,Belluno,OK,443355,14524,443358,15293,-3,-769
Alessandria,Benevento,OK,819891,27207,819839,27205,52,2
Alessandria,Bergamo,OK,148533,5583,148535,5583,-2,0
Alessandria,Biella,OK,108490,4958,108463,4956,27,2
Alessandria,Bologna,OK,251736,8378,251737,8378,-1,0
Alessandria,Bolzano - Bozen,OK,380103,12971,380105,13693,-2,-722
Alessandria,Brescia,OK,185483,6654,185483,6997,0,-343
Alessandria,Brindisi,OK,1032330,36355,1032307,36368,23,-13
Alessandria,Cagliari,OK,1053174,32257,1126740,196203,-73566,-163946
Alessandria,Caltanissetta,OK,1492848,58487,1493370,58508,-522,-21
Alessandria,Campobasso,OK,782237,28109,782214,28122,23,-13
Alessandria,Carbonia,OK,1119569,35027,1157036,198158,-37467,-163131
Alessandria,Caserta,OK,785749,25529,785697,25527,52,2
Alessandria,Catania,OK,1383565,54136,1384091,54157,-526,-21
Alessandria,Catanzaro,OK,1199477,41909,1200001,41930,-524,-21
Alessandria,Chieti,OK,626836,22105,626552,22107,284,-2
Alessandria,Como,OK,142585,5091,142585,5091,0,0
Alessandria,Cosenza,OK,1106489,38193,1107012,38214,-523,-21
Alessandria,Cremona,OK,140176,5335,140176,5335,0,0
Alessandria,Crotone,OK,1184981,43151,1185504,43171,-523,-20
Alessandria,Cuneo,OK,123902,6429,123766,6415,136,14
Alessandria,Enna,OK,1467484,57632,1468007,57653,-523,-21
Alessandria,Fermo,OK,523149,18870,523125,18884,24,-14
Alessandria,Ferrara,OK,293285,9654,293285,9654,0,0
Alessandria,Firenze,OK,345217,12119,345165,12117,52,2
Alessandria,Foggia,OK,797684,27448,797661,27462,23,-14
Alessandria,Forlì,OK,322029,11639,322020,11638,9,1
Alessandria,Frosinone,OK,676556,22290,676504,22287,52,3
Alessandria,Genova,OK,86153,4177,86147,4206,6,-29
Alessandria,Gorizia,OK,477793,16371,477809,17478,-16,-1107
Alessandria,Grosseto,OK,387461,16555,387455,16585,6,-30
Alessandria,Iglesias,OK,1096876,33986,1130065,197156,-33189,-163170
Alessandria,Imperia,OK,178158,7528,178158,7528,0,0
Alessandria,Isernia,OK,767212,25838,767159,25891,53,-53
Alessandria,L'Aquila,OK,703132,22644,703077,22642,55,2
Alessandria,La Spezia,OK,179488,7850,179482,7881,6,-31
Alessandria,Lanusei,OK,931422,25900,1015998,192440,-84576,-166540
Alessandria,Latina,OK,679145,23171,679093,23150,52,21
Alessandria,Lecce,OK,1067704,37756,1067680,37770,24,-14
Alessandria,Lecco,OK,155875,6058,155876,6058,-1,0
Alessandria,Livorno,OK,255399,10995,255394,11026,5,-31
Alessandria,Lodi,OK,120498,4787,120498,4786,0,1
Alessandria,Macerata,OK,525772,18751,525751,18765,21,-14
Alessandria,Mantova,OK,199187,8549,199187,8549,0,0
Alessandria,Massa,OK,196639,8590,196637,8621,2,-31
Alessandria,Matera,OK,942674,34461,942658,34484,16,-23
Alessandria,Messina,OK,1287975,49997,1288502,50017,-527,-20
Alessandria,Milano,OK,99418,3695,99418,3695,0,0
Alessandria,Modena,OK,216322,7299,216322,7299,0,0
Alessandria,Monza,OK,116299,4461,116300,4461,-1,0
Alessandria,Napoli,OK,811547,26261,811494,26259,53,2
Alessandria,Novara,OK,72812,3425,72812,3425,0,0
Alessandria,Nuoro,OK,1004088,29575,956234,189222,47854,-159647
Alessandria,Olbia,OK,1072145,32612,854442,184951,217703,-152339
Alessandria,Oristano,OK,1085176,33073,1035564,192622,49612,-159549
Alessandria,Padova,OK,320122,10798,320122,11568,0,-770
Alessandria,Palermo,OK,1135025,56983,1512924,59124,-377899,-2141
Alessandria,Parma,OK,164405,5826,164405,5826,0,0
Alessandria,Pavia,OK,80751,3077,80751,3077,0,0
Alessandria,Perugia,OK,492617,16610,492564,16607,53,3
Alessandria,Pesaro,OK,400916,14146,400916,14160,0,-14
Alessandria,Piacenza,OK,112680,4349,112680,4346,0,3
Alessandria,Pisa,OK,238173,10387,238168,10418,5,-31
Alessandria,Pistoia,OK,275011,11122,275459,11189,-448,-67
Alessandria,Pordenone,OK,424814,13772,424817,14816,-3,-1044
Alessandria,Potenza,OK,904666,33000,904643,33013,23,-13
Alessandria,Prato,OK,336731,11598,336679,11596,52,2
Alessandria,Ragusa,OK,1489425,59474,1489767,59495,-342,-21
Alessandria,Ravenna,OK,328380,11431,328379,11430,1,1
Alessandria,Reggio di Calabria,OK,1290167,45374,1290694,45395,-527,-21
Alessandria,Rieti,OK,602907,20328,602851,20326,56,2
Alessandria,Rimini,OK,368305,12763,368305,12777,0,-14
Alessandria,Roma,OK,613616,20600,613563,20598,53,2
Alessandria,Rovigo,OK,326165,10329,326181,10330,-16,-1
Alessandria,Salerno,OK,853513,27941,853461,27939,52,2
Alessandria,Sanluri,OK,1048836,31620,1082713,194148,-33877,-162528
Alessandria,Sassari,OK,1115282,34929,953286,190316,161996,-155387
Alessandria,Savona,OK,102778,4548,102786,4549,-8,-1
Alessandria,Siena,OK,404967,14487,404914,14484,53,3
Alessandria,Siracusa,OK,1448491,56620,1449017,56641,-526,-21
Alessandria,Sondrio,OK,235433,9733,235501,9812,-68,-79
Alessandria,Taranto,OK,1002065,35988,1002083,36004,-18,-16
Alessandria,Tempio Pausania,OK,1113249,34817,896603,187165,216646,-152348
Alessandria,Teramo,OK,592134,20866,592108,20873,26,-7
Alessandria,Terni,OK,567156,18313,567104,18311,52,2
Alessandria,Torino,OK,91795,4145,91795,4145,0,0
Alessandria,Tortolì,OK,913376,25057,1013905,192367,-100529,-167310
Alessandria,Trani,OK,877749,30804,877726,30818,23,-14
Alessandria,Trapani,OK,1235074,60928,1615878,63311,-380804,-2383
Alessandria,Trento,OK,324056,10773,324058,11494,-2,-721
Alessandria,Treviso,OK,367231,12369,367234,13139,-3,-770
Alessandria,Trieste,OK,507120,16780,507093,17918,27,-1138
Alessandria,Udine,OK,467034,15663,467359,16873,-325,-1210
Alessandria,Urbino,OK,424472,15635,424472,15649,0,-14
Alessandria,Varese,OK,150631,5396,150632,5396,-1,0
Alessandria,Venezia,OK,352354,11837,351828,12561,526,-724
Alessandria,Verbania,OK,141128,6111,141128,6111,0,0
Alessandria,Vercelli,OK,67692,3233,67688,3233,4,0
Alessandria,Verona,OK,241703,8343,241710,9120,-7,-777
Alessandria,Vibo Valentia,OK,1201082,42477,1201606,42498,-524,-21
Alessandria,Vicenza,OK,290455,9807,290692,10577,-237,-770
Alessandria,Villacidro,OK,1076652,32996,1099627,195417,-22975,-162421
Alessandria,Viterbo,OK,554970,18315,554925,18313,45,2
Ancona,Agrigento,OK,1108751,51433,1109325,51546,-574,-113
Ancona,Alessandria,OK,461986,17489,461675,17510,311,-21
Ancona,Andria,OK,415609,15541,415608,15541,1,0
Ancona,Aosta,OK,610240,23126,610196,23129,44,-3
Ancona,Arezzo,OK,186387,9402,186390,9402,-3,0
Ancona,Ascoli Piceno,OK,125966,5775,125966,5776,0,-1
Ancona,Asti,OK,497654,18717,497661,18717,-7,0
Ancona,Avellino,OK,442771,17403,442775,17462,-4,-59
Ancona,Bari,OK,466228,17594,466227,17594,1,0
Ancona,Barletta,OK,414863,15615,414860,15615,3,0
Ancona,Belluno,OK,453365,16223,453355,16222,10,1
Ancona,Benevento,OK,398785,17021,398784,17021,1,0
Ancona,Bergamo,OK,452986,17199,470028,17260,-17042,-61
Ancona,Biella,OK,527750,20006,527709,20006,41,0
Ancona,Bologna,OK,213724,9247,213712,9246,12,1
Ancona,Bolzano - Bozen,OK,494295,18241,494283,18240,12,1
Ancona,Brescia,OK,408717,15425,408705,15640,12,-215
Ancona,Brindisi,OK,580435,21574,580434,21574,1,0
Ancona,Cagliari,OK,753757,25134,827368,189081,-73611,-163947
Ancona,Caltanissetta,OK,1058281,48296,1058857,48408,-576,-112
Ancona,Campobasso,OK,330342,13328,330341,13328,1,0
Ancona,Carbonia,OK,820151,27904,857664,191037,-37513,-163133
Ancona,Caserta,OK,391272,15608,391266,15608,6,0
Ancona,Catania,OK,948999,43945,949578,44057,-579,-112
Ancona,Catanzaro,OK,764911,31717,765488,31829,-577,-112
Ancona,Chieti,OK,174941,7324,174679,7313,262,11
Ancona,Como,OK,477800,17506,477787,17508,13,-2
Ancona,Cosenza,OK,671923,28001,672499,28114,-576,-113
Ancona,Cremona,OK,393845,14957,393833,14957,12,0
Ancona,Crotone,OK,763124,31977,763124,31978,0,-1
Ancona,Cuneo,OK,589677,23297,589673,23297,4,0
Ancona,Enna,OK,1032918,47440,1033493,47553,-575,-113
Ancona,Fermo,OK,67391,4069,67391,4069,0,0
Ancona,Ferrara,OK,255129,10551,255117,10550,12,1
Ancona,Firenze,OK,286330,11780,286657,11780,-327,0
Ancona,Foggia,OK,345789,12667,345789,12667,0,0
Ancona,Forlì,OK,157430,7165,157418,7164,12,1
Ancona,Frosinone,OK,315318,12475,315532,12480,-214,-5
Ancona,Genova,OK,515802,19230,515790,19227,12,3
Ancona,Gorizia,OK,487802,18070,487806,18407,-4,-337
Ancona,Grosseto,OK,310766,13956,311267,13953,-501,3
Ancona,Iglesias,OK,797459,26862,830693,190035,-33234,-163173
Ancona,Imperia,OK,614269,23360,614258,23359,11,1
Ancona,Isernia,OK,299405,12866,299410,12867,-5,-1
Ancona,L'Aquila,OK,198048,7869,198001,7868,47,1
Ancona,La Spezia,OK,434373,16704,434373,16704,0,0
Ancona,Lanusei,OK,632004,18777,716626,185318,-84622,-166541
Ancona,Latina,OK,364121,14068,364135,14032,-14,36
Ancona,Lecce,OK,615809,22976,615808,22976,1,0
Ancona,Lecco,OK,477381,17733,477369,17735,12,-2
Ancona,Livorno,OK,375722,15461,375722,15461,0,0
Ancona,Lodi,OK,401258,14943,401245,14942,13,1
Ancona,Macerata,OK,52171,3431,52173,3431,-2,0
Ancona,Mantova,OK,323937,12741,323925,12740,12,1
Ancona,Massa,OK,406344,15631,406348,15632,-4,-1
Ancona,Matera,OK,490779,19680,490786,19689,-7,-9
Ancona,Messina,OK,853409,39805,853988,39917,-579,-112
Ancona,Milano,OK,425617,15737,425604,15739,13,-2
Ancona,Modena,OK,257702,11164,257695,11163,7,1
Ancona,Monza,OK,437805,16136,437793,16137,12,-1
Ancona,Napoli,OK,417070,16339,417064,16339,6,0
Ancona,Novara,OK,479171,18247,479149,18249,22,-2
Ancona,Nuoro,OK,704671,22452,656862,182100,47809,-159648
Ancona,Olbia,OK,772727,25489,555070,177830,217657,-152341
Ancona,Oristano,OK,785758,25950,736192,185501,49566,-159551
Ancona,Padova,OK,326061,12608,326047,12607,14,1
Ancona,Palermo,OK,740549,47062,1078410,49024,-337861,-1962
Ancona,Parma,OK,310344,12843,310333,12842,11,1
Ancona,Pavia,OK,414491,16089,414499,16090,-8,-1
Ancona,Perugia,OK,141175,7015,141175,7015,0,0
Ancona,Pesaro,OK,74174,3875,74162,3874,12,1
Ancona,Piacenza,OK,364818,13871,364806,13867,12,4
Ancona,Pisa,OK,366842,14988,366842,14988,0,0
Ancona,Pistoia,OK,325183,12877,325637,12913,-454,-36
Ancona,Pordenone,OK,434823,15471,434814,15744,9,-273
Ancona,Potenza,OK,452770,18219,452770,18219,0,0
Ancona,Prato,OK,308585,12495,308585,12495,0,0
Ancona,Ragusa,OK,1054859,49282,1055253,49395,-394,-113
Ancona,Ravenna,OK,162906,7303,162894,7265,12,38
Ancona,Reggio di Calabria,OK,855601,35182,856180,35294,-579,-112
Ancona,Rieti,OK,251043,10711,250968,10709,75,2
Ancona,Rimini,OK,104608,4912,104596,4911,12,1
Ancona,Roma,OK,308758,11582,308772,11566,-14,16
Ancona,Rovigo,OK,288009,11226,288013,11226,-4,0
Ancona,Salerno,OK,459037,18020,459031,18019,6,1
Ancona,Sanluri,OK,749419,24497,783341,187026,-33922,-162529
Ancona,Sassari,OK,815865,27806,653914,183195,161951,-155389
Ancona,Savona,OK,538890,20380,538886,20380,4,0
Ancona,Siena,OK,240476,10450,240476,10450,0,0
Ancona,Siracusa,OK,1013925,46428,1014504,46540,-579,-112
Ancona,Sondrio,OK,556940,21407,556994,21488,-54,-81
Ancona,Taranto,OK,550170,21207,550211,21210,-41,-3
Ancona,Tempio Pausania,OK,813832,27694,597231,180044,216601,-152350
Ancona,Teramo,OK,140239,6085,140235,6079,4,6
Ancona,Terni,OK,209231,9231,209232,9231,-1,0
Ancona,Torino,OK,544651,20717,544640,20716,11,1
Ancona,Tortolì,OK,613958,17934,714533,185246,-100575,-167312
Ancona,Trani,OK,425854,16024,425853,16024,1,0
Ancona,Trapani,OK,840598,51006,1181364,53210,-340766,-2204
Ancona,Trento,OK,438248,16042,438236,16041,12,1
Ancona,Treviso,OK,377241,14068,377232,14067,9,1
Ancona,Trieste,OK,517129,18479,517090,18847,39,-368
Ancona,Udine,OK,477043,17362,477356,17802,-313,-440
Ancona,Urbino,OK,100455,4950,100443,4949,12,1
Ancona,Varese,OK,485847,17811,485834,17813,13,-2
Ancona,Venezia,OK,362363,13536,361826,13490,537,46
Ancona,Verbania,OK,530195,19831,530188,19833,7,-2
Ancona,Vercelli,OK,510227,19250,510210,19251,17,-1
Ancona,Verona,OK,356266,13761,356261,13725,5,36
Ancona,Vibo Valentia,OK,766516,32285,767092,32398,-576,-113
Ancona,Vicenza,OK,358349,13560,358337,13561,12,-1
Ancona,Villacidro,OK,777234,25873,800255,188295,-23021,-162422
Ancona,Viterbo,OK,255553,11192,255553,11192,0,0
Andria,Agrigento,OK,750191,38054,750189,38054,2,0
Andria,Alessandria,OK,888147,31582,887836,31603,311,-21
Andria,Ancona,OK,437097,15531,437097,15531,0,0
Andria,Aosta,OK,1036401,37220,1036357,37222,44,-2
Andria,Arezzo,OK,617409,21863,617423,21870,-14,-7
Andria,Ascoli Piceno,OK,372400,13320,372400,13320,0,0
Andria,Asti,OK,923815,32810,923822,32810,-7,0
Andria,Avellino,OK,182429,8272,182429,8272,0,0
Andria,Bari,OK,57794,2838,57794,2838,0,0
Andria,Barletta,OK,11275,835,11275,835,0,0
Andria,Belluno,OK,879526,30316,879516,30315,10,1
Andria,Benevento,OK,174083,7672,174083,7672,0,0
Andria,Bergamo,OK,879147,31292,896189,31353,-17042,-61
Andria,Biella,OK,953911,34099,953870,34099,41,0
Andria,Bologna,OK,639885,23340,639873,23339,12,1
Andria,Bolzano - Bozen,OK,920456,32334,920444,32333,12,1
Andria,Brescia,OK,834878,29518,834866,29733,12,-215
Andria,Brindisi,OK,172002,6818,172001,6818,1,0
Andria,Cagliari,OK,946177,29450,1019802,193404,-73625,-163954
Andria,Caltanissetta,OK,699721,34916,699721,34917,0,-1
Andria,Campobasso,OK,172025,8755,172027,8756,-2,-1
Andria,Carbonia,OK,1012572,32220,1050097,195359,-37525,-163139
Andria,Caserta,OK,236515,9951,236528,9959,-13,-8
Andria,Catania,OK,590439,30565,590442,30566,-3,-1
Andria,Catanzaro,OK,406351,18338,406352,18338,-1,0
Andria,Chieti,OK,282345,10584,290798,10674,-8453,-90
Andria,Como,OK,903961,31599,903948,31601,13,-2
Andria,Cosenza,OK,313363,14622,313363,14622,0,0
Andria,Cremona,OK,820006,29051,819994,29050,12,1
Andria,Crotone,OK,354691,17221,354691,17221,0,0
Andria,Cuneo,OK,1015838,37391,1015834,37391,4,0
Andria,Enna,OK,674358,34061,674357,34061,1,0
Andria,Fermo,OK,384175,13539,384175,13539,0,0
Andria,Ferrara,OK,681290,24644,681278,24644,12,0
Andria,Firenze,OK,673233,23504,673573,23512,-340,-8
Andria,Foggia,OK,82748,4019,82748,4019,0,0
Andria,Forlì,OK,583591,21258,583579,21257,12,1
Andria,Frosinone,OK,346087,12953,346100,12960,-13,-7
Andria,Genova,OK,907647,31962,907660,31968,-13,-6
Andria,Gorizia,OK,913963,32164,913967,32500,-4,-336
Andria,Grosseto,OK,602244,22915,602257,22923,-13,-8
Andria,Iglesias,OK,989879,31178,1023126,194357,-33247,-163179
Andria,Imperia,OK,1024263,36544,1024277,36551,-14,-7
Andria,Isernia,OK,223283,11786,223284,11786,-1,0
Andria,L'Aquila,OK,383705,14021,366503,13912,17202,109
Andria,La Spezia,OK,821276,28428,821289,28436,-13,-8
Andria,Lanusei,OK,824424,23092,909059,189641,-84635,-166549
Andria,Latina,OK,392763,15572,392776,15583,-13,-11
Andria,Lecce,OK,207376,8219,207375,8219,1,0
Andria,Lecco,OK,903542,31826,903530,31828,12,-2
Andria,Livorno,OK,762625,27185,762638,27193,-13,-8
Andria,Lodi,OK,827419,29036,827406,29035,13,1
Andria,Macerata,OK,420588,15127,420591,15127,-3,0
Andria,Mantova,OK,750098,26834,750086,26833,12,1
Andria,Massa,OK,793247,27356,793264,27364,-17,-8
Andria,Matera,OK,86031,4784,86051,4795,-20,-11
Andria,Messina,OK,494849,26425,494852,26426,-3,-1
Andria,Milano,OK,851778,29831,851765,29832,13,-1
Andria,Modena,OK,683863,25257,683856,25256,7,1
Andria,Monza,OK,863966,30229,863954,30230,12,-1
Andria,Napoli,OK,234353,9841,234367,9849,-14,-8
Andria,Novara,OK,905332,32341,905310,32342,22,-1
Andria,Nuoro,OK,897091,26768,849296,186423,47795,-159655
Andria,Olbia,OK,965147,29804,747503,182152,217644,-152348
Andria,Oristano,OK,978178,30265,928625,189823,49553,-159558
Andria,Padova,OK,752222,26701,752208,26700,14,1
Andria,Palermo,OK,719271,35529,719274,35532,-3,-3
Andria,Parma,OK,736505,26936,736494,26935,11,1
Andria,Pavia,OK,840652,30182,840660,30183,-8,-1
Andria,Perugia,OK,539162,20428,539162,20432,0,-4
Andria,Pesaro,OK,500335,17968,500323,17968,12,0
Andria,Piacenza,OK,790979,27964,790967,27960,12,4
Andria,Pisa,OK,753745,26713,753759,26720,-14,-7
Andria,Pistoia,OK,712086,24601,712553,24645,-467,-44
Andria,Pordenone,OK,860984,29564,860975,29837,9,-273
Andria,Potenza,OK,109807,6740,109808,6739,-1,1
Andria,Prato,OK,695488,24219,695502,24227,-14,-8
Andria,Ragusa,OK,696299,35903,696117,35903,182,0
Andria,Ravenna,OK,589067,21396,589055,21358,12,38
Andria,Reggio di Calabria,OK,497041,21803,497044,21803,-3,0
Andria,Rieti,OK,443199,16126,443199,16121,0,5
Andria,Rimini,OK,530769,19005,530757,19004,12,1
Andria,Roma,OK,422467,15890,422480,15897,-13,-7
Andria,Rovigo,OK,714170,25319,714174,25320,-4,-1
Andria,Salerno,OK,212718,9436,212718,9435,0,1
Andria,Sanluri,OK,941839,28813,975774,191349,-33935,-162536
Andria,Sassari,OK,1008285,32121,846347,187517,161938,-155396
Andria,Savona,OK,948884,33564,948906,33572,-22,-8
Andria,Siena,OK,647008,23025,647021,23032,-13,-7
Andria,Siracusa,OK,655365,33049,655368,33049,-3,0
Andria,Sondrio,OK,983101,35500,983155,35581,-54,-81
Andria,Taranto,OK,141737,6451,141777,6454,-40,-3
Andria,Tempio Pausania,OK,1006252,32010,789665,184366,216587,-152356
Andria,Teramo,OK,340991,12389,340988,12382,3,7
Andria,Terni,OK,477665,17911,477666,17906,-1,5
Andria,Torino,OK,970812,34810,970801,34809,11,1
Andria,Tortolì,OK,806378,22250,906966,189568,-100588,-167318
Andria,Trani,OK,14159,1093,14159,1093,0,0
Andria,Trapani,OK,822225,39716,822228,39719,-3,-3
Andria,Trento,OK,864409,30135,864397,30135,12,0
Andria,Treviso,OK,803402,28161,803392,28161,10,0
Andria,Trieste,OK,943290,32572,943251,32940,39,-368
Andria,Udine,OK,903204,31455,903517,31895,-313,-440
Andria,Urbino,OK,526616,19043,526604,19042,12,1
Andria,Varese,OK,912008,31904,911995,31906,13,-2
Andria,Venezia,OK,788524,27630,787987,27583,537,47
Andria,Verbania,OK,956356,33924,956349,33926,7,-2
Andria,Vercelli,OK,936388,33343,936371,33345,17,-2
Andria,Verona,OK,782427,27854,782422,27819,5,35
Andria,Vibo Valentia,OK,407955,18906,407956,18906,-1,0
Andria,Vicenza,OK,784510,27653,784498,27654,12,-1
Andria,Villacidro,OK,969655,30188,992688,192618,-23033,-162430
Andria,Viterbo,OK,506966,19116,506980,19124,-14,-8
Aosta,Agrigento,OK,1689386,67466,1689907,67486,-521,-20
Aosta,Alessandria,OK,176286,7513,174504,7939,1782,-426
Aosta,Ancona,OK,611425,23688,611430,23703,-5,-15
Aosta,Andria,OK,1013573,36162,1013549,36175,24,-13
Aosta,Arezzo,OK,562164,19885,562111,19883,53,2
Aosta,Ascoli Piceno,OK,723931,26397,723906,26410,25,-13
Aosta,Asti,OK,162657,7513,162676,7514,-19,-1
Aosta,Avellino,OK,983316,33165,983274,33222,42,-57
Aosta,Bari,OK,1064192,38215,1064168,38229,24,-14
Aosta,Barletta,OK,1012827,36236,1012800,36249,27,-13
Aosta,Belluno,OK,538229,19159,538230,19586,-1,-427
Aosta,Benevento,OK,965960,33048,965907,33046,53,2
Aosta,Bergamo,OK,227294,9180,227293,9180,1,0
Aosta,Biella,OK,100806,5014,100805,5014,1,0
Aosta,Bologna,OK,397805,14219,397805,14219,0,0
Aosta,Bolzano - Bozen,OK,474976,17607,474977,17985,-1,-378
Aosta,Brescia,OK,275861,11154,275860,11154,1,0
Aosta,Brindisi,OK,1178400,42196,1178375,42209,25,-13
Aosta,Cagliari,OK,1199243,38098,1272809,202043,-73566,-163945
Aosta,Caltanissetta,OK,1638917,64328,1639439,64349,-522,-21
Aosta,Campobasso,OK,928306,33949,928282,33962,24,-13
Aosta,Carbonia,OK,1265638,40868,1303104,203998,-37466,-163130
Aosta,Caserta,OK,931818,31370,931765,31368,53,2
Aosta,Catania,OK,1529634,59977,1530159,59998,-525,-21
Aosta,Catanzaro,OK,1345546,47749,1346070,47770,-524,-21
Aosta,Chieti,OK,772905,27945,772620,27947,285,-2
Aosta,Como,OK,211259,8633,211258,8633,1,0
Aosta,Cosenza,OK,1252558,44034,1253080,44054,-522,-20
Aosta,Cremona,OK,287348,11291,287347,11291,1,0
Aosta,Crotone,OK,1331050,48991,1331572,49012,-522,-21
Aosta,Cuneo,OK,212507,9408,212514,9409,-7,-1
Aosta,Enna,OK,1613553,63473,1614075,63493,-522,-20
Aosta,Fermo,OK,669218,24711,669194,24724,24,-13
Aosta,Ferrara,OK,439354,15494,439353,15494,1,0
Aosta,Firenze,OK,491286,17960,491233,17957,53,3
Aosta,Foggia,OK,943753,33289,943729,33302,24,-13
Aosta,Forlì,OK,468098,17480,468089,17479,9,1
Aosta,Frosinone,OK,822626,28130,822572,28127,54,3
Aosta,Genova,OK,247014,10544,247014,10544,0,0
Aosta,Gorizia,OK,572666,21007,572681,21770,-15,-763
Aosta,Grosseto,OK,562904,23103,562904,23102,0,1
Aosta,Iglesias,OK,1242945,39826,1276133,202997,-33188,-163171
Aosta,Imperia,OK,288825,13470,288825,13470,0,0
Aosta,Isernia,OK,913281,31679,913227,31732,54,-53
Aosta,L'Aquila,OK,849201,28484,849146,28482,55,2
Aosta,La Spezia,OK,354932,14398,354931,14398,1,0
Aosta,Lanusei,OK,1077491,31740,1162066,198280,-84575,-166540
Aosta,Latina,OK,825214,29012,825161,28991,53,21
Aosta,Lecce,OK,1213773,43597,1213749,43610,24,-13
Aosta,Lecco,OK,230920,9667,230919,9668,1,-1
Aosta,Livorno,OK,430843,17543,430843,17543,0,0
Aosta,Lodi,OK,221936,9645,221935,9645,1,0
Aosta,Macerata,OK,671841,24591,671819,24605,22,-14
Aosta,Mantova,OK,359726,13600,359725,13997,1,-397
Aosta,Massa,OK,372083,15137,372086,15138,-3,-1
Aosta,Matera,OK,1088743,40301,1088726,40324,17,-23
Aosta,Messina,OK,1434045,55837,1434570,55858,-525,-21
Aosta,Milano,OK,185818,8076,185817,8076,1,0
Aosta,Modena,OK,362391,13139,362390,13139,1,0
Aosta,Monza,OK,193095,8178,193358,8185,-263,-7
Aosta,Napoli,OK,957616,32102,957562,32099,54,3
Aosta,Novara,OK,141497,6404,141496,6404,1,0
Aosta,Nuoro,OK,1150158,35416,1102302,195062,47856,-159646
Aosta,Olbia,OK,1218214,38452,1000510,190792,217704,-152340
Aosta,Oristano,OK,1231245,38913,1181632,198463,49613,-159550
Aosta,Padova,OK,414996,15433,414995,15860,1,-427
Aosta,Palermo,OK,1281094,62824,1658992,64964,-377898,-2140
Aosta,Parma,OK,310474,11666,310473,11666,1,0
Aosta,Pavia,OK,218159,8961,218158,8961,1,0
Aosta,Perugia,OK,638686,22450,638633,22448,53,2
Aosta,Pesaro,OK,546985,19986,546984,20000,1,-14
Aosta,Piacenza,OK,253515,10046,253512,10046,3,0
Aosta,Pisa,OK,413617,16935,413617,16935,0,0
Aosta,Pistoia,OK,450455,17670,450908,17706,-453,-36
Aosta,Pordenone,OK,519687,18407,519689,19108,-2,-701
Aosta,Potenza,OK,1050735,38841,1050711,38854,24,-13
Aosta,Prato,OK,482801,17439,482747,17437,54,2
Aosta,Ragusa,OK,1635494,65314,1635835,65335,-341,-21
Aosta,Ravenna,OK,474449,17271,474447,17271,2,0
Aosta,Reggio di Calabria,OK,1436236,51214,1436762,51235,-526,-21
Aosta,Rieti,OK,748976,26169,748919,26166,57,3
Aosta,Rimini,OK,514374,18603,514373,18617,1,-14
Aosta,Roma,OK,759685,26440,759631,26438,54,2
Aosta,Rovigo,OK,472235,16169,472250,16170,-15,-1
Aosta,Salerno,OK,999582,33782,999529,33779,53,3
Aosta,Sanluri,OK,1194905,37461,1228781,199988,-33876,-162527
Aosta,Sassari,OK,1261351,40769,1099354,196157,161997,-155388
Aosta,Savona,OK,256688,10792,256696,10792,-8,0
Aosta,Siena,OK,551036,20327,550982,20325,54,2
Aosta,Siracusa,OK,1594560,62460,1595085,62481,-525,-21
Aosta,Sondrio,OK,310478,13342,310544,13421,-66,-79
Aosta,Taranto,OK,1148135,41829,1148151,41845,-16,-16
Aosta,Tempio Pausania,OK,1259318,40658,1042672,193005,216646,-152347
Aosta,Teramo,OK,738203,26707,738176,26713,27,-6
Aosta,Terni,OK,713225,24154,713173,24152,52,2
Aosta,Torino,OK,114786,5158,114786,5158,0,0
Aosta,Tortolì,OK,1059445,30898,1159973,198208,-100528,-167310
Aosta,Trani,OK,1023818,36645,1023794,36658,24,-13
Aosta,Trapani,OK,1381144,66769,1761946,69151,-380802,-2382
Aosta,Trento,OK,418929,15408,418931,15787,-2,-379
Aosta,Treviso,OK,462105,17004,462107,17431,-2,-427
Aosta,Trieste,OK,601993,21415,601965,22211,28,-796
Aosta,Udine,OK,561907,20298,562231,21165,-324,-867
Aosta,Urbino,OK,570541,21475,570540,21490,1,-15
Aosta,Varese,OK,196531,8230,196527,8231,4,-1
Aosta,Venezia,OK,447227,16473,446701,16853,526,-380
Aosta,Verbania,OK,195589,8386,195588,8386,1,0
Aosta,Vercelli,OK,131991,5838,131991,5838,0,0
Aosta,Verona,OK,336576,12978,336582,13413,-6,-435
Aosta,Vibo Valentia,OK,1347151,48318,1347674,48338,-523,-20
Aosta,Vicenza,OK,385329,14442,385565,14869,-236,-427
Aosta,Villacidro,OK,1222721,38836,1245695,201257,-22974,-162421
Aosta,Viterbo,OK,701039,24155,700993,24154,46,1
Arezzo,Agrigento,OK,1147713,48827,1148287,48850,-574,-23
Arezzo,Alessandria,OK,412792,14013,412417,14513,375,-500
Arezzo,Ancona,OK,195943,10025,195940,10025,3,0
Arezzo,Andria,OK,567870,20331,568641,20381,-771,-50
Arezzo,Aosta,OK,561045,19651,560938,20132,107,-481
Arezzo,Ascoli Piceno,OK,242205,11021,242239,11022,-34,-1
Arezzo,Asti,OK,448460,15241,448403,15720,57,-479
Arezzo,Avellino,OK,441643,14526,441654,14586,-11,-60
Arezzo,Bari,OK,618490,22384,619260,22434,-770,-50
Arezzo,Barletta,OK,567125,20405,567892,20455,-767,-50
Arezzo,Belluno,OK,423070,13607,422996,13987,74,-380
Arezzo,Benevento,OK,424287,14409,424287,14409,0,0
Arezzo,Bergamo,OK,403791,13724,420770,14263,-16979,-539
Arezzo,Biella,OK,478555,16530,478451,17009,104,-479
Arezzo,Bologna,OK,180003,6512,179927,6892,76,-380
Arezzo,Bolzano - Bozen,OK,445101,14765,445025,15243,76,-478
Arezzo,Brescia,OK,359523,11949,359447,12643,76,-694
Arezzo,Brindisi,OK,732697,26365,733467,26414,-770,-49
Arezzo,Cagliari,OK,657570,19459,731189,183407,-73619,-163948
Arezzo,Caltanissetta,OK,1097243,45689,1097819,45712,-576,-23
Arezzo,Campobasso,OK,420691,15737,420690,15792,1,-55
Arezzo,Carbonia,OK,723965,22229,761485,185362,-37520,-163133
Arezzo,Caserta,OK,390145,12731,390145,12731,0,0
Arezzo,Catania,OK,987961,41338,988540,41361,-579,-23
Arezzo,Catanzaro,OK,803873,29111,804450,29134,-577,-23
Arezzo,Chieti,OK,390433,12598,387056,12610,3377,-12
Arezzo,Como,OK,428606,14030,428529,14511,77,-481
Arezzo,Cosenza,OK,710884,25395,711461,25418,-577,-23
Arezzo,Cremona,OK,344651,11482,344575,11960,76,-478
Arezzo,Crotone,OK,789376,30352,789953,30375,-577,-23
Arezzo,Cuneo,OK,450212,16915,450220,16916,-8,-1
Arezzo,Enna,OK,1071880,44834,1072456,44857,-576,-23
Arezzo,Fermo,OK,251261,10898,251260,10903,1,-5
Arezzo,Ferrara,OK,224834,7935,224757,8315,77,-380
Arezzo,Firenze,OK,75689,2859,76016,2858,-327,1
Arezzo,Foggia,OK,571567,18253,571589,18254,-22,-1
Arezzo,Forlì,OK,138098,6591,138099,6591,-1,0
Arezzo,Frosinone,OK,280952,9491,280952,9491,0,0
Arezzo,Genova,OK,310103,11317,310103,11315,0,2
Arezzo,Gorizia,OK,457507,15454,457447,16171,60,-717
Arezzo,Grosseto,OK,140950,6508,141452,6506,-502,2
Arezzo,Iglesias,OK,701272,21187,734513,184360,-33241,-163173
Arezzo,Imperia,OK,426719,15898,426720,15898,-1,0
Arezzo,Isernia,OK,371608,13040,371607,13095,1,-55
Arezzo,L'Aquila,OK,307528,9845,307526,9846,2,-1
Arezzo,La Spezia,OK,223732,7783,223732,7783,0,0
Arezzo,Lanusei,OK,535817,13101,620446,179644,-84629,-166543
Arezzo,Latina,OK,283541,10373,283541,10354,0,19
Arezzo,Lecce,OK,768071,27766,768841,27816,-770,-50
Arezzo,Lecco,OK,428187,14257,428111,14738,76,-481
Arezzo,Livorno,OK,165081,6540,165081,6540,0,0
Arezzo,Lodi,OK,352063,11467,351987,11945,76,-478
Arezzo,Macerata,OK,218638,9363,218640,9358,-2,5
Arezzo,Mantova,OK,274743,9265,274667,9743,76,-478
Arezzo,Massa,OK,195703,6710,195707,6710,-4,0
Arezzo,Matera,OK,615109,24106,615857,24170,-748,-64
Arezzo,Messina,OK,892371,37198,892950,37221,-579,-23
Arezzo,Milano,OK,376423,12262,376345,12742,78,-480
Arezzo,Modena,OK,208507,7688,208437,8166,70,-478
Arezzo,Monza,OK,388611,12660,388534,13140,77,-480
Arezzo,Napoli,OK,415943,13463,415943,13463,0,0
Arezzo,Novara,OK,429977,14772,429891,15252,86,-480
Arezzo,Nuoro,OK,608484,16777,560683,176426,47801,-159649
Arezzo,Olbia,OK,676540,19813,458890,172155,217650,-152342
Arezzo,Oristano,OK,689571,20274,640012,179826,49559,-159552
Arezzo,Padova,OK,295766,9992,295688,10372,78,-380
Arezzo,Palermo,OK,739421,44185,1117372,46328,-377951,-2143
Arezzo,Parma,OK,261150,9367,261074,9845,76,-478
Arezzo,Pavia,OK,365297,12613,365241,13093,56,-480
Arezzo,Perugia,OK,97013,3811,97013,3811,0,0
Arezzo,Pesaro,OK,145614,7673,145632,7674,-18,-1
Arezzo,Piacenza,OK,315624,10395,315548,10870,76,-475
Arezzo,Pisa,OK,156201,6067,156201,6067,0,0
Arezzo,Pistoia,OK,114542,3956,114996,3992,-454,-36
Arezzo,Pordenone,OK,404528,12855,404455,13509,73,-654
Arezzo,Potenza,OK,570274,20258,570276,20258,-2,0
Arezzo,Prato,OK,97944,3574,97944,3574,0,0
Arezzo,Ragusa,OK,1093821,46676,1094215,46699,-394,-23
Arezzo,Ravenna,OK,152440,7106,152441,7068,-1,38
Arezzo,Reggio di Calabria,OK,894563,32575,895142,32598,-579,-23
Arezzo,Rieti,OK,207302,7530,207299,7530,3,0
Arezzo,Rimini,OK,124750,6902,124793,6903,-43,-1
Arezzo,Roma,OK,218011,7802,218011,7801,0,1
Arezzo,Rovigo,OK,257714,8610,257654,8991,60,-381
Arezzo,Salerno,OK,457909,15143,457910,15143,-1,0
Arezzo,Sanluri,OK,653232,18822,687161,181351,-33929,-162529
Arezzo,Sassari,OK,719678,22130,557734,177520,161944,-155390
Arezzo,Savona,OK,351340,12918,351348,12919,-8,-1
Arezzo,Siena,OK,70660,3003,70661,3003,-1,0
Arezzo,Siracusa,OK,1052887,43821,1053466,43844,-579,-23
Arezzo,Sondrio,OK,507745,17932,507735,18491,10,-559
Arezzo,Taranto,OK,702432,25998,703243,26050,-811,-52
Arezzo,Tempio Pausania,OK,717645,22019,501052,174369,216593,-152350
Arezzo,Teramo,OK,365171,11445,365202,11448,-31,-3
Arezzo,Terni,OK,171552,5515,171553,5515,-1,0
Arezzo,Torino,OK,495457,17241,495381,17719,76,-478
Arezzo,Tortolì,OK,517771,12259,618353,179571,-100582,-167312
Arezzo,Trani,OK,578115,20814,578886,20864,-771,-50
Arezzo,Trapani,OK,839470,48130,1220326,50515,-380856,-2385
Arezzo,Trento,OK,389054,12566,388978,13044,76,-478
Arezzo,Treviso,OK,346946,11452,346872,11832,74,-380
Arezzo,Trieste,OK,486834,15863,486731,16612,103,-749
Arezzo,Udine,OK,446748,14746,446997,15566,-249,-820
Arezzo,Urbino,OK,103685,6015,103688,6015,-3,0
Arezzo,Varese,OK,436652,14335,436576,14816,76,-481
Arezzo,Venezia,OK,332068,10920,331466,11254,602,-334
Arezzo,Verbania,OK,481001,16356,480929,16836,72,-480
Arezzo,Vercelli,OK,461033,15774,460952,16254,81,-480
Arezzo,Verona,OK,307072,10285,307002,10729,70,-444
Arezzo,Vibo Valentia,OK,805477,29679,806054,29702,-577,-23
Arezzo,Vicenza,OK,328054,10944,327978,11325,76,-381
Arezzo,Villacidro,OK,681048,20197,704075,182620,-23027,-162423
Arezzo,Viterbo,OK,159366,5516,159373,5517,-7,-1
Ascoli Piceno,Agrigento,OK,1047919,47966,1048491,47987,-572,-21
Ascoli Piceno,Alessandria,OK,578706,21168,578394,21189,312,-21
Ascoli Piceno,Ancona,OK,127655,5117,127655,5117,0,0
Ascoli Piceno,Andria,OK,351979,12483,351979,12483,0,0
Ascoli Piceno,Aosta,OK,726959,26806,726915,26808,44,-2
Ascoli Piceno,Arezzo,OK,222396,10973,222408,10969,-12,4
Ascoli Piceno,Asti,OK,614373,22396,614380,22396,-7,0
Ascoli Piceno,Avellino,OK,341849,13666,341857,13723,-8,-57
Ascoli Piceno,Bari,OK,402598,14536,402598,14536,0,0
Ascoli Piceno,Barletta,OK,351233,12557,351230,12557,3,0
Ascoli Piceno,Belluno,OK,570084,19902,570074,19901,10,1
Ascoli Piceno,Benevento,OK,324493,13549,324490,13546,3,3
Ascoli Piceno,Bergamo,OK,569705,20879,586747,20939,-17042,-60
Ascoli Piceno,Biella,OK,644469,23685,644428,23685,41,0
Ascoli Piceno,Bologna,OK,330444,12926,330432,12925,12,1
Ascoli Piceno,Bolzano - Bozen,OK,611014,21920,611002,21919,12,1
Ascoli Piceno,Brescia,OK,525436,19104,525424,19319,12,-215
Ascoli Piceno,Brindisi,OK,516806,18516,516805,18516,1,0
Ascoli Piceno,Cagliari,OK,740617,21807,814246,185736,-73629,-163929
Ascoli Piceno,Caltanissetta,OK,997450,44829,998022,44850,-572,-21
Ascoli Piceno,Campobasso,OK,266712,10270,266712,10270,0,0
Ascoli Piceno,Carbonia,OK,807012,24577,844541,187691,-37529,-163114
Ascoli Piceno,Caserta,OK,290351,11871,290348,11869,3,2
Ascoli Piceno,Catania,OK,888167,40478,888743,40499,-576,-21
Ascoli Piceno,Catanzaro,OK,704079,28250,704653,28271,-574,-21
Ascoli Piceno,Chieti,OK,111311,4266,111050,4255,261,11
Ascoli Piceno,Como,OK,594519,21185,594506,21187,13,-2
Ascoli Piceno,Cosenza,OK,611091,24534,611664,24555,-573,-21
Ascoli Piceno,Cremona,OK,510564,18637,510552,18636,12,1
Ascoli Piceno,Crotone,OK,699495,28919,699495,28919,0,0
Ascoli Piceno,Cuneo,OK,672280,26743,672300,26739,-20,4
Ascoli Piceno,Enna,OK,972087,43973,972659,43994,-572,-21
Ascoli Piceno,Fermo,OK,74733,3125,74733,3125,0,0
Ascoli Piceno,Ferrara,OK,371848,14230,371836,14230,12,0
Ascoli Piceno,Firenze,OK,297757,12686,298096,12682,-339,4
Ascoli Piceno,Foggia,OK,282159,9609,282159,9609,0,0
Ascoli Piceno,Forlì,OK,274149,10844,274137,10843,12,1
Ascoli Piceno,Frosinone,OK,214397,8738,214614,8741,-217,-3
Ascoli Piceno,Genova,OK,532171,21144,532183,21138,-12,6
Ascoli Piceno,Gorizia,OK,604521,21750,604525,22086,-4,-336
Ascoli Piceno,Grosseto,OK,322192,14862,322706,14856,-514,6
Ascoli Piceno,Iglesias,OK,784319,23535,817570,186690,-33251,-163155
Ascoli Piceno,Imperia,OK,648787,25725,648800,25722,-13,3
Ascoli Piceno,Isernia,OK,235775,9808,235780,9809,-5,-1
Ascoli Piceno,L'Aquila,OK,97127,4132,97083,4129,44,3
Ascoli Piceno,La Spezia,OK,445799,17610,445812,17606,-13,4
Ascoli Piceno,Lanusei,OK,618864,15450,703503,181973,-84639,-166523
Ascoli Piceno,Latina,OK,263200,10331,263217,10293,-17,38
Ascoli Piceno,Lecce,OK,552179,19918,552179,19918,0,0
Ascoli Piceno,Lecco,OK,594101,21412,594088,21414,13,-2
Ascoli Piceno,Livorno,OK,387148,16367,387161,16363,-13,4
Ascoli Piceno,Lodi,OK,517977,18622,517964,18622,13,0
Ascoli Piceno,Macerata,OK,111146,4713,111149,4713,-3,0
Ascoli Piceno,Mantova,OK,440656,16420,440644,16419,12,1
Ascoli Piceno,Massa,OK,417771,16537,417787,16534,-16,3
Ascoli Piceno,Matera,OK,427149,16622,427156,16631,-7,-9
Ascoli Piceno,Messina,OK,792578,36338,793153,36359,-575,-21
Ascoli Piceno,Milano,OK,542336,19417,542323,19418,13,-1
Ascoli Piceno,Modena,OK,374421,14843,374414,14842,7,1
Ascoli Piceno,Monza,OK,554524,19815,554512,19816,12,-1
Ascoli Piceno,Napoli,OK,316149,12602,316146,12600,3,2
Ascoli Piceno,Novara,OK,595890,21927,595868,21928,22,-1
Ascoli Piceno,Nuoro,OK,691531,19125,643740,178755,47791,-159630
Ascoli Piceno,Olbia,OK,759587,22162,541947,174485,217640,-152323
Ascoli Piceno,Oristano,OK,772618,22622,723069,182156,49549,-159534
Ascoli Piceno,Padova,OK,442780,16287,442766,16287,14,0
Ascoli Piceno,Palermo,OK,639628,43324,1017575,45465,-377947,-2141
Ascoli Piceno,Parma,OK,427063,16522,427052,16521,11,1
Ascoli Piceno,Pavia,OK,531210,19768,531218,19769,-8,-1
Ascoli Piceno,Perugia,OK,152601,7921,152614,7917,-13,4
Ascoli Piceno,Pesaro,OK,190893,7554,190881,7554,12,0
Ascoli Piceno,Piacenza,OK,481537,17550,481526,17546,11,4
Ascoli Piceno,Pisa,OK,378269,15894,378282,15891,-13,3
Ascoli Piceno,Pistoia,OK,336610,13783,337076,13816,-466,-33
Ascoli Piceno,Pordenone,OK,551543,19150,551533,19424,10,-274
Ascoli Piceno,Potenza,OK,389141,15161,389141,15161,0,0
Ascoli Piceno,Prato,OK,320012,13401,320025,13397,-13,4
Ascoli Piceno,Ragusa,OK,994028,45815,994418,45836,-390,-21
Ascoli Piceno,Ravenna,OK,279625,10982,279613,10944,12,38
Ascoli Piceno,Reggio di Calabria,OK,794770,31715,795345,31736,-575,-21
Ascoli Piceno,Rieti,OK,105401,5760,105401,5750,0,10
Ascoli Piceno,Rimini,OK,221327,8591,221315,8590,12,1
Ascoli Piceno,Roma,OK,207837,7844,207854,7827,-17,17
Ascoli Piceno,Rovigo,OK,404728,14905,404732,14906,-4,-1
Ascoli Piceno,Salerno,OK,358115,14282,358113,14280,2,2
Ascoli Piceno,Sanluri,OK,736279,21170,770218,183681,-33939,-162511
Ascoli Piceno,Sassari,OK,802725,24479,640791,179850,161934,-155371
Ascoli Piceno,Savona,OK,573408,22746,573428,22743,-20,3
Ascoli Piceno,Siena,OK,251902,11356,251915,11353,-13,3
Ascoli Piceno,Siracusa,OK,953093,42961,953669,42982,-576,-21
Ascoli Piceno,Sondrio,OK,673659,25087,673713,25167,-54,-80
Ascoli Piceno,Taranto,OK,486540,18149,486581,18152,-41,-3
Ascoli Piceno,Tempio Pausania,OK,800692,24367,584109,176698,216583,-152331
Ascoli Piceno,Teramo,OK,34391,2027,34391,2027,0,0
Ascoli Piceno,Terni,OK,119707,6826,119721,6818,-14,8
Ascoli Piceno,Torino,OK,661370,24396,661359,24395,11,1
Ascoli Piceno,Tortolì,OK,600818,14607,701410,181901,-100592,-167294
Ascoli Piceno,Trani,OK,362224,12966,362224,12966,0,0
Ascoli Piceno,Trapani,OK,739677,47269,1120529,49652,-380852,-2383
Ascoli Piceno,Trento,OK,554967,19721,554955,19721,12,0
Ascoli Piceno,Treviso,OK,493960,17747,493951,17747,9,0
Ascoli Piceno,Trieste,OK,633848,22158,633809,22526,39,-368
Ascoli Piceno,Udine,OK,593762,21041,594075,21481,-313,-440
Ascoli Piceno,Urbino,OK,217174,8629,217162,8628,12,1
Ascoli Piceno,Varese,OK,602566,21490,602553,21492,13,-2
Ascoli Piceno,Venezia,OK,479082,17216,478545,17169,537,47
Ascoli Piceno,Verbania,OK,646915,23511,646907,23512,8,-1
Ascoli Piceno,Vercelli,OK,626946,22929,626929,22931,17,-2
Ascoli Piceno,Verona,OK,472985,17440,472980,17405,5,35
Ascoli Piceno,Vibo Valentia,OK,705684,28818,706258,28839,-574,-21
Ascoli Piceno,Vicenza,OK,475068,17239,475056,17240,12,-1
Ascoli Piceno,Villacidro,OK,764095,22545,787132,184950,-23037,-162405
Ascoli Piceno,Viterbo,OK,181808,9317,181823,9310,-15,7
Asti,Agrigento,OK,1569566,62720,1569585,62669,-19,51
Asti,Alessandria,OK,37232,2226,36651,2160,581,66
Asti,Ancona,OK,491605,18942,491108,18886,497,56
Asti,Andria,OK,893752,31417,893226,31358,526,59
Asti,Aosta,OK,169108,7737,168605,7665,503,72
Asti,Arezzo,OK,442344,15140,441789,15066,555,74
Asti,Ascoli Piceno,OK,604110,21652,603584,21593,526,59
Asti,Avellino,OK,863496,28420,862952,28406,544,14
Asti,Bari,OK,944372,33470,943846,33412,526,58
Asti,Barletta,OK,893007,31491,892478,31432,529,59
Asti,Belluno,OK,469604,15619,469104,16317,500,-698
Asti,Benevento,OK,846140,28303,845584,28229,556,74
Asti,Bergamo,OK,174781,6678,174281,6607,500,71
Asti,Biella,OK,100254,5614,99719,5539,535,75
Asti,Bologna,OK,277985,9473,277483,9402,502,71
Asti,Bolzano - Bozen,OK,406351,14067,405851,14716,500,-649
Asti,Brescia,OK,211732,7749,211229,8020,503,-271
Asti,Brindisi,OK,1058579,37450,1058052,37392,527,58
Asti,Cagliari,OK,1079423,33353,1152486,197226,-73063,-163873
Asti,Caltanissetta,OK,1519096,59583,1519116,59532,-20,51
Asti,Campobasso,OK,808486,29204,807959,29145,527,59
Asti,Carbonia,OK,1145817,36123,1182782,199182,-36965,-163059
Asti,Caserta,OK,811998,26625,811442,26551,556,74
Asti,Catania,OK,1409814,55232,1409837,55181,-23,51
Asti,Catanzaro,OK,1225726,43004,1225747,42953,-21,51
Asti,Chieti,OK,653085,23200,652297,23131,788,69
Asti,Como,OK,168834,6186,168331,6115,503,71
Asti,Cosenza,OK,1132737,39288,1132758,39237,-21,51
Asti,Cremona,OK,166425,6430,165922,6359,503,71
Asti,Crotone,OK,1211229,44246,1211250,44195,-21,51
Asti,Cuneo,OK,93476,4757,92973,4685,503,72
Asti,Enna,OK,1493733,58727,1493753,58676,-20,51
Asti,Fermo,OK,549397,19965,548871,19907,526,58
Asti,Ferrara,OK,319534,10749,319031,10677,503,72
Asti,Firenze,OK,371466,13214,370910,13140,556,74
Asti,Foggia,OK,823933,28543,823407,28485,526,58
Asti,Forlì,OK,348277,12734,347766,12662,511,72
Asti,Frosinone,OK,702805,23385,702250,23311,555,74
Asti,Genova,OK,116599,5270,116096,5199,503,71
Asti,Gorizia,OK,504042,17467,503555,18502,487,-1035
Asti,Grosseto,OK,431760,17758,431256,17685,504,73
Asti,Iglesias,OK,1123125,35081,1155811,198180,-32686,-163099
Asti,Imperia,OK,201651,8498,201149,8426,502,72
Asti,Isernia,OK,793461,26933,792904,26915,557,18
Asti,L'Aquila,OK,729381,23739,728823,23665,558,74
Asti,La Spezia,OK,223787,9053,223284,8981,503,72
Asti,Lanusei,OK,957670,26995,1041743,193463,-84073,-166468
Asti,Latina,OK,705394,24266,704839,24174,555,92
Asti,Lecce,OK,1093953,38852,1093426,38793,527,59
Asti,Lecco,OK,182124,7154,181622,7082,502,72
Asti,Livorno,OK,299699,12198,299195,12127,504,71
Asti,Lodi,OK,146747,5882,146244,5810,503,72
Asti,Macerata,OK,552021,19846,551497,19788,524,58
Asti,Mantova,OK,225436,9644,224933,9573,503,71
Asti,Massa,OK,240938,9793,240438,9721,500,72
Asti,Matera,OK,968923,35556,968404,35507,519,49
Asti,Messina,OK,1314224,51092,1314248,51041,-24,51
Asti,Milano,OK,125667,4790,125164,4718,503,72
Asti,Modena,OK,242571,8394,242068,8322,503,72
Asti,Monza,OK,142548,5556,142046,5484,502,72
Asti,Napoli,OK,837795,27356,837240,27282,555,74
Asti,Novara,OK,98090,4449,97587,4377,503,72
Asti,Nuoro,OK,1030337,30671,981980,190245,48357,-159574
Asti,Olbia,OK,1098393,33707,880188,185975,218205,-152268
Asti,Oristano,OK,1111424,34168,1061310,193646,50114,-159478
Asti,Padova,OK,346371,11893,345868,12591,503,-698
Asti,Palermo,OK,1161274,58078,1538670,60147,-377396,-2069
Asti,Parma,OK,190654,6921,190151,6849,503,72
Asti,Pavia,OK,107000,4172,106497,4100,503,72
Asti,Perugia,OK,518866,17705,518310,17631,556,74
Asti,Pesaro,OK,427165,15241,426662,15184,503,57
Asti,Piacenza,OK,138928,5444,138426,5369,502,75
Asti,Pisa,OK,282472,11590,281969,11518,503,72
Asti,Pistoia,OK,319310,12325,319261,12290,49,35
Asti,Pordenone,OK,451063,14867,450563,15839,500,-972
Asti,Potenza,OK,930914,34095,930388,34037,526,58
Asti,Prato,OK,362980,12694,362425,12620,555,74
Asti,Ragusa,OK,1515674,60569,1515513,60518,161,51
Asti,Ravenna,OK,354629,12526,354124,12454,505,72
Asti,Reggio di Calabria,OK,1316416,46469,1316439,46418,-23,51
Asti,Rieti,OK,629155,21424,628597,21349,558,75
Asti,Rimini,OK,394554,13858,394051,13801,503,57
Asti,Roma,OK,639864,21695,639309,21621,555,74
Asti,Rovigo,OK,352414,11424,351927,11353,487,71
Asti,Salerno,OK,879762,29036,879207,28962,555,74
Asti,Sanluri,OK,1075085,32715,1108459,195171,-33374,-162456
Asti,Sassari,OK,1141531,36024,979032,191340,162499,-155316
Asti,Savona,OK,126272,5518,125777,5447,495,71
Asti,Siena,OK,431216,15582,430660,15508,556,74
Asti,Siracusa,OK,1474740,57715,1474763,57664,-23,51
Asti,Sondrio,OK,261682,10828,261246,10835,436,-7
Asti,Taranto,OK,1028314,37083,1027829,37028,485,55
Asti,Tempio Pausania,OK,1139498,35912,922349,188189,217149,-152277
Asti,Teramo,OK,618383,21961,617854,21896,529,65
Asti,Terni,OK,593405,19409,592850,19335,555,74
Asti,Torino,OK,64141,3068,63638,2996,503,72
Asti,Tortolì,OK,939624,26153,1039651,193391,-100027,-167238
Asti,Trani,OK,903997,31900,903471,31841,526,59
Asti,Trapani,OK,1261323,62023,1641624,64334,-380301,-2311
Asti,Trento,OK,350304,11868,349804,12518,500,-650
Asti,Treviso,OK,393480,13464,392980,14162,500,-698
Asti,Trieste,OK,533368,17875,532839,18942,529,-1067
Asti,Udine,OK,493282,16758,493105,17896,177,-1138
Asti,Urbino,OK,450721,16730,450218,16673,503,57
Asti,Varese,OK,176880,6491,176377,6420,503,71
Asti,Venezia,OK,378603,12933,377574,13584,1029,-651
Asti,Verbania,OK,166407,7135,165904,7063,503,72
Asti,Vercelli,OK,59724,3412,59218,3338,506,74
Asti,Verona,OK,267952,9438,267455,10144,497,-706
Asti,Vibo Valentia,OK,1227330,43572,1227352,43522,-22,50
Asti,Vicenza,OK,316704,10903,316438,11600,266,-697
Asti,Villacidro,OK,1102901,34091,1125373,196440,-22472,-162349
Asti,Viterbo,OK,581219,19410,580671,19337,548,73
Avellino,Agrigento,OK,726904,35337,727479,35360,-575,-23
Avellino,Alessandria,OK,845324,27876,844962,28384,362,-508
Avellino,Ancona,OK,460500,16874,460514,16879,-14,-5
Avellino,Andria,OK,157861,6665,157861,6665,0,0
Avellino,Aosta,OK,993577,33514,993483,34003,94,-489
Avellino,Arezzo,OK,452397,15080,452411,15088,-14,-8
Avellino,Ascoli Piceno,OK,359077,13752,359092,13756,-15,-4
Avellino,Asti,OK,880992,29104,880948,29591,44,-487
Avellino,Bari,OK,208480,8719,208480,8719,0,0
Avellino,Barletta,OK,157115,6739,157112,6740,3,-1
Avellino,Belluno,OK,855602,27470,855542,27857,60,-387
Avellino,Benevento,OK,43082,1924,43082,1924,0,0
Avellino,Bergamo,OK,836323,27587,853315,28133,-16992,-546
Avellino,Biella,OK,911087,30393,910996,30880,91,-487
Avellino,Bologna,OK,612535,20375,612473,20763,62,-388
Avellino,Bolzano - Bozen,OK,877633,28628,877570,29114,63,-486
Avellino,Brescia,OK,792055,25813,791992,26514,63,-701
Avellino,Brindisi,OK,322688,12699,322687,12699,1,0
Avellino,Cagliari,OK,781165,22667,854790,186621,-73625,-163954
Avellino,Caltanissetta,OK,676435,32199,677011,32223,-576,-24
Avellino,Campobasso,OK,106752,5463,106752,5463,0,0
Avellino,Carbonia,OK,847559,25437,885085,188577,-37526,-163140
Avellino,Caserta,OK,71502,3169,71516,3176,-14,-7
Avellino,Catania,OK,567152,27848,567731,27871,-579,-23
Avellino,Catanzaro,OK,383064,15621,383641,15644,-577,-23
Avellino,Chieti,OK,315397,11995,312012,12012,3385,-17
Avellino,Como,OK,861138,27893,861074,28382,64,-489
Avellino,Cosenza,OK,290076,11905,290652,11928,-576,-23
Avellino,Cremona,OK,777183,25345,777120,25831,63,-486
Avellino,Crotone,OK,368568,16863,369144,16886,-576,-23
Avellino,Cuneo,OK,882744,30778,882765,30787,-21,-9
Avellino,Enna,OK,651072,31344,651647,31367,-575,-23
Avellino,Fermo,OK,407578,14883,407592,14887,-14,-4
Avellino,Ferrara,OK,657366,21798,657303,22186,63,-388
Avellino,Firenze,OK,508221,16722,508561,16729,-340,-7
Avellino,Foggia,OK,123588,5316,123588,5316,0,0
Avellino,Forlì,OK,585378,21371,585391,21378,-13,-7
Avellino,Frosinone,OK,181075,6170,181088,6177,-13,-7
Avellino,Genova,OK,742635,25180,742648,25186,-13,-6
Avellino,Gorizia,OK,890039,29317,889992,30042,47,-725
Avellino,Grosseto,OK,437231,16132,437245,16140,-14,-8
Avellino,Iglesias,OK,824867,24395,858114,187575,-33247,-163180
Avellino,Imperia,OK,859251,29761,859265,29769,-14,-8
Avellino,Isernia,OK,144187,6102,144201,6209,-14,-107
Avellino,L'Aquila,OK,267300,10172,267282,10174,18,-2
Avellino,La Spezia,OK,656264,21646,656277,21653,-13,-7
Avellino,Lanusei,OK,659412,16310,744047,182858,-84635,-166548
Avellino,Latina,OK,227750,8790,227764,8800,-14,-10
Avellino,Lecce,OK,358061,14100,358061,14100,0,0
Avellino,Lecco,OK,860719,28120,860656,28609,63,-489
Avellino,Livorno,OK,597613,20403,597626,20410,-13,-7
Avellino,Lodi,OK,784595,25331,784532,25816,63,-485
Avellino,Macerata,OK,443991,16471,444008,16475,-17,-4
Avellino,Mantova,OK,707275,23128,707212,23614,63,-486
Avellino,Massa,OK,628235,20573,628252,20581,-17,-8
Avellino,Matera,OK,205100,10441,205077,10454,23,-13
Avellino,Messina,OK,471563,23708,472142,23732,-579,-24
Avellino,Milano,OK,808955,26125,808891,26613,64,-488
Avellino,Modena,OK,641039,21551,640982,22037,57,-486
Avellino,Monza,OK,821143,26523,821080,27011,63,-488
Avellino,Napoli,OK,69341,3059,69355,3067,-14,-8
Avellino,Novara,OK,862509,28635,862436,29123,73,-488
Avellino,Nuoro,OK,732079,19985,684283,179640,47796,-159655
Avellino,Olbia,OK,800135,23022,582491,175370,217644,-152348
Avellino,Oristano,OK,813166,23483,763613,183041,49553,-159558
Avellino,Padova,OK,728298,23855,728233,24243,65,-388
Avellino,Palermo,OK,695985,32812,696564,32838,-579,-26
Avellino,Parma,OK,693682,23231,693619,23716,63,-485
Avellino,Pavia,OK,797829,26477,797786,26964,43,-487
Avellino,Perugia,OK,406430,14594,406442,14602,-12,-8
Avellino,Pesaro,OK,523738,19312,523741,19316,-3,-4
Avellino,Piacenza,OK,748156,24258,748093,24741,63,-483
Avellino,Pisa,OK,588733,19930,588746,19938,-13,-8
Avellino,Pistoia,OK,547074,17819,547541,17863,-467,-44
Avellino,Pordenone,OK,837060,26718,837000,27380,60,-662
Avellino,Potenza,OK,149466,6768,149467,6768,-1,0
Avellino,Prato,OK,530476,17437,530489,17444,-13,-7
Avellino,Ragusa,OK,673013,33186,673407,33209,-394,-23
Avellino,Ravenna,OK,599721,21885,599734,21855,-13,30
Avellino,Reggio di Calabria,OK,473755,19086,474334,19109,-579,-23
Avellino,Rieti,OK,327142,11646,327156,11647,-14,-1
Avellino,Rimini,OK,554172,20348,554174,20352,-2,-4
Avellino,Roma,OK,257455,9107,257468,9115,-13,-8
Avellino,Rovigo,OK,690246,22473,690199,22862,47,-389
Avellino,Salerno,OK,37101,1653,37101,1653,0,0
Avellino,Sanluri,OK,776827,22030,810762,184566,-33935,-162536
Avellino,Sassari,OK,843272,25339,681335,180735,161937,-155396
Avellino,Savona,OK,783872,26782,783893,26790,-21,-8
Avellino,Siena,OK,481995,16242,482009,16250,-14,-8
Avellino,Siracusa,OK,632078,30332,632657,30355,-579,-23
Avellino,Sondrio,OK,940277,31795,940280,32362,-3,-567
Avellino,Taranto,OK,292423,12332,292463,12335,-40,-3
Avellino,Tempio Pausania,OK,841240,25227,624653,177584,216587,-152357
Avellino,Teramo,OK,324943,11772,324958,11776,-15,-4
Avellino,Terni,OK,337488,11964,337502,11971,-14,-7
Avellino,Torino,OK,927989,31104,927926,31590,63,-486
Avellino,Tortolì,OK,641366,15467,741954,182786,-100588,-167319
Avellino,Trani,OK,168106,7148,168106,7148,0,0
Avellino,Trapani,OK,798939,36999,799518,37025,-579,-26
Avellino,Trento,OK,821586,26429,821523,26915,63,-486
Avellino,Treviso,OK,779478,25315,779418,25703,60,-388
Avellino,Trieste,OK,919366,29726,919276,30483,90,-757
Avellino,Udine,OK,879280,28609,879542,29437,-262,-828
Avellino,Urbino,OK,496293,19865,496301,19885,-8,-20
Avellino,Varese,OK,869184,28198,869121,28686,63,-488
Avellino,Venezia,OK,764600,24783,764012,25125,588,-342
Avellino,Verbania,OK,913533,30219,913475,30707,58,-488
Avellino,Vercelli,OK,893565,29637,893497,30125,68,-488
Avellino,Verona,OK,739604,24148,739548,24599,56,-451
Avellino,Vibo Valentia,OK,384669,16189,385246,16212,-577,-23
Avellino,Vicenza,OK,760586,24807,760523,25196,63,-389
Avellino,Villacidro,OK,804642,23406,827676,185835,-23034,-162429
Avellino,Viterbo,OK,341954,12334,341967,12341,-13,-7
Bari,Agrigento,OK,693452,36251,693451,36252,1,-1
Bari,Alessandria,OK,918191,32698,917880,32720,311,-22
Bari,Ancona,OK,467141,16647,467141,16647,0,0
Bari,Andria,OK,60428,2837,60428,2837,0,0
Bari,Aosta,OK,1066445,38336,1066401,38338,44,-2
Bari,Arezzo,OK,647453,22979,647467,22987,-14,-8
Bari,Ascoli Piceno,OK,402444,14436,402444,14436,0,0
Bari,Asti,OK,953859,33926,953866,33926,-7,0
Bari,Avellino,OK,212473,9389,212473,9389,0,0
Bari,Barletta,OK,57508,2604,57508,2604,0,0
Bari,Belluno,OK,909570,31432,909560,31432,10,0
Bari,Benevento,OK,204127,8789,204127,8789,0,0
Bari,Bergamo,OK,909191,32409,926233,32469,-17042,-60
Bari,Biella,OK,983955,35215,983914,35216,41,-1
Bari,Bologna,OK,669929,24456,669917,24456,12,0
Bari,Bolzano - Bozen,OK,950500,33450,950488,33449,12,1
Bari,Brescia,OK,864922,30635,864910,30849,12,-214
Bari,Brindisi,OK,116210,4531,116210,4531,0,0
Bari,Cagliari,OK,976221,30566,1049846,194520,-73625,-163954
Bari,Caltanissetta,OK,642983,33114,642982,33114,1,0
Bari,Campobasso,OK,221924,10400,221925,10400,-1,0
Bari,Carbonia,OK,1042616,33336,1080141,196476,-37525,-163140
Bari,Caserta,OK,266559,11068,266572,11075,-13,-7
Bari,Catania,OK,533700,28763,533703,28763,-3,0
Bari,Catanzaro,OK,349612,16535,349613,16535,-1,0
Bari,Chieti,OK,312389,11700,320842,11790,-8453,-90
Bari,Como,OK,934005,32715,933992,32717,13,-2
Bari,Cosenza,OK,256624,12819,256624,12819,0,0
Bari,Cremona,OK,850050,30167,850038,30166,12,1
Bari,Crotone,OK,297952,15419,297952,15419,0,0
Bari,Cuneo,OK,1045882,38507,1045878,38507,4,0
Bari,Enna,OK,617620,32258,617619,32259,1,-1
Bari,Fermo,OK,414219,14655,414219,14655,0,0
Bari,Ferrara,OK,711334,25760,711322,25760,12,0
Bari,Firenze,OK,703277,24621,703617,24628,-340,-7
Bari,Foggia,OK,128703,5772,128703,5772,0,0
Bari,Forlì,OK,613635,22374,613623,22374,12,0
Bari,Frosinone,OK,376131,14069,376144,14076,-13,-7
Bari,Genova,OK,937691,33079,937704,33084,-13,-5
Bari,Gorizia,OK,944007,33280,944011,33616,-4,-336
Bari,Grosseto,OK,632288,24031,632301,24039,-13,-8
Bari,Iglesias,OK,1019923,32294,1053170,195474,-33247,-163180
Bari,Imperia,OK,1054307,37660,1054321,37667,-14,-7
Bari,Isernia,OK,308391,13127,308391,13127,0,0
Bari,L'Aquila,OK,413749,15137,396547,15028,17202,109
Bari,La Spezia,OK,851320,29545,851333,29552,-13,-7
Bari,Lanusei,OK,854468,24208,939103,190757,-84635,-166549
Bari,Latina,OK,422807,16688,422820,16699,-13,-11
Bari,Lecce,OK,151584,5933,151583,5933,1,0
Bari,Lecco,OK,933586,32942,933574,32944,12,-2
Bari,Livorno,OK,792669,28302,792682,28309,-13,-7
Bari,Lodi,OK,857463,30153,857450,30152,13,1
Bari,Macerata,OK,450632,16243,450635,16244,-3,-1
Bari,Mantova,OK,780142,27950,780130,27949,12,1
Bari,Massa,OK,823291,28472,823308,28480,-17,-8
Bari,Matera,OK,64517,3503,64538,3513,-21,-10
Bari,Messina,OK,438111,24623,438113,24623,-2,0
Bari,Milano,OK,881822,30947,881809,30949,13,-2
Bari,Modena,OK,713907,26373,713900,26373,7,0
Bari,Monza,OK,894010,31345,893998,31347,12,-2
Bari,Napoli,OK,264397,10958,264411,10965,-14,-7
Bari,Novara,OK,935376,33457,935354,33459,22,-2
Bari,Nuoro,OK,927135,27884,879340,187539,47795,-159655
Bari,Olbia,OK,995191,30920,777547,183269,217644,-152349
Bari,Oristano,OK,1008222,31381,958669,190940,49553,-159559
Bari,Padova,OK,782266,27817,782252,27817,14,0
Bari,Palermo,OK,662533,33727,662536,33730,-3,-3
Bari,Parma,OK,766549,28053,766538,28052,11,1
Bari,Pavia,OK,870696,31299,870704,31299,-8,0
Bari,Perugia,OK,569206,21544,569206,21549,0,-5
Bari,Pesaro,OK,530379,19084,530367,19084,12,0
Bari,Piacenza,OK,821023,29080,821011,29076,12,4
Bari,Pisa,OK,783789,27829,783803,27836,-14,-7
Bari,Pistoia,OK,742130,25718,742597,25762,-467,-44
Bari,Pordenone,OK,891028,30680,891019,30954,9,-274
Bari,Potenza,OK,126656,7250,126664,7250,-8,0
Bari,Prato,OK,725532,25336,725546,25343,-14,-7
Bari,Ragusa,OK,639561,34100,639378,34101,183,-1
Bari,Ravenna,OK,619111,22513,619099,22474,12,39
Bari,Reggio di Calabria,OK,440302,20000,440305,20000,-3,0
Bari,Rieti,OK,473243,17243,473243,17237,0,6
Bari,Rimini,OK,560813,20121,560801,20120,12,1
Bari,Roma,OK,452511,17006,452524,17014,-13,-8
Bari,Rovigo,OK,744214,26436,744218,26436,-4,0
Bari,Salerno,OK,242762,10552,242762,10552,0,0
Bari,Sanluri,OK,971883,29929,1005818,192465,-33935,-162536
Bari,Sassari,OK,1038329,33237,876391,188634,161938,-155397
Bari,Savona,OK,978928,34680,978950,34688,-22,-8
Bari,Siena,OK,677052,24141,677065,24149,-13,-8
Bari,Siracusa,OK,598626,31246,598629,31246,-3,0
Bari,Sondrio,OK,1013145,36617,1013199,36697,-54,-80
Bari,Taranto,OK,88905,4732,88945,4735,-40,-3
Bari,Tempio Pausania,OK,1036296,33126,819709,185483,216587,-152357
Bari,Teramo,OK,371035,13505,371032,13499,3,6
Bari,Terni,OK,507709,19027,507710,19022,-1,5
Bari,Torino,OK,1000856,35926,1000845,35926,11,0
Bari,Tortolì,OK,836422,23366,937010,190685,-100588,-167319
Bari,Trani,OK,45410,2070,45410,2070,0,0
Bari,Trapani,OK,765487,37913,765490,37916,-3,-3
Bari,Trento,OK,894453,31251,894441,31251,12,0
Bari,Treviso,OK,833446,29278,833436,29277,10,1
Bari,Trieste,OK,973334,33689,973295,34057,39,-368
Bari,Udine,OK,933248,32571,933561,33011,-313,-440
Bari,Urbino,OK,556660,20159,556648,20158,12,1
Bari,Varese,OK,942052,33020,942039,33022,13,-2
Bari,Venezia,OK,818568,28746,818031,28699,537,47
Bari,Verbania,OK,986400,35041,986393,35042,7,-1
Bari,Vercelli,OK,966432,34459,966415,34461,17,-2
Bari,Verona,OK,812471,28970,812466,28935,5,35
Bari,Vibo Valentia,OK,351217,17104,351218,17104,-1,0
Bari,Vicenza,OK,814554,28769,814542,28770,12,-1
Bari,Villacidro,OK,999699,31304,1022732,193734,-23033,-162430
Bari,Viterbo,OK,537010,20233,537024,20240,-14,-7
Barletta,Agrigento,OK,753998,38034,753997,38034,1,0
Barletta,Alessandria,OK,869408,31139,869099,31161,309,-22
Barletta,Ancona,OK,418357,15088,418360,15088,-3,0
Barletta,Andria,OK,10361,729,10361,729,0,0
Barletta,Aosta,OK,1017661,36777,1017620,36779,41,-2
Barletta,Arezzo,OK,646123,21680,646157,21680,-34,0
Barletta,Ascoli Piceno,OK,353660,12878,353663,12878,-3,0
Barletta,Asti,OK,905075,32367,905085,32367,-10,0
Barletta,Avellino,OK,186236,8252,186236,8252,0,0
Barletta,Bari,OK,57191,2601,57191,2601,0,0
Barletta,Belluno,OK,860786,29874,860780,29873,6,1
Barletta,Benevento,OK,177890,7652,177890,7652,0,0
Barletta,Bergamo,OK,860407,30850,877452,30910,-17045,-60
Barletta,Biella,OK,935171,33657,935133,33657,38,0
Barletta,Bologna,OK,621146,22898,621137,22897,9,1
Barletta,Bolzano - Bozen,OK,901716,31891,901707,31891,9,0
Barletta,Brescia,OK,816138,29076,816129,29291,9,-215
Barletta,Brindisi,OK,175261,6744,175261,6744,0,0
Barletta,Cagliari,OK,949985,29430,1023609,193384,-73624,-163954
Barletta,Caltanissetta,OK,703529,34896,703528,34897,1,-1
Barletta,Campobasso,OK,162349,8146,162353,8146,-4,0
Barletta,Carbonia,OK,1016379,32200,1053905,195339,-37526,-163139
Barletta,Caserta,OK,240322,9931,240336,9939,-14,-8
Barletta,Catania,OK,594246,30545,594249,30545,-3,0
Barletta,Catanzaro,OK,410158,18318,410159,18318,-1,0
Barletta,Chieti,OK,263605,10142,272061,10231,-8456,-89
Barletta,Como,OK,885222,31157,885212,31158,10,-1
Barletta,Cosenza,OK,317170,14602,317170,14602,0,0
Barletta,Cremona,OK,801266,28608,801257,28607,9,1
Barletta,Crotone,OK,358499,17201,358499,17201,0,0
Barletta,Cuneo,OK,997098,36948,997097,36948,1,0
Barletta,Enna,OK,678166,34041,678165,34041,1,0
Barletta,Fermo,OK,365435,13097,365438,13097,-3,0
Barletta,Ferrara,OK,662550,24202,662541,24201,9,1
Barletta,Firenze,OK,701948,23321,702307,23322,-359,-1
Barletta,Foggia,OK,73072,3409,73075,3409,-3,0
Barletta,Forlì,OK,564851,20816,564842,20815,9,1
Barletta,Frosinone,OK,349894,12932,349908,12940,-14,-8
Barletta,Genova,OK,936362,31779,936394,31778,-32,1
Barletta,Gorizia,OK,895224,31721,895231,32057,-7,-336
Barletta,Grosseto,OK,606051,22895,606065,22903,-14,-8
Barletta,Iglesias,OK,993687,31158,1026934,194337,-33247,-163179
Barletta,Imperia,OK,1052978,36361,1053011,36361,-33,0
Barletta,Isernia,OK,213606,11176,213611,11176,-5,0
Barletta,L'Aquila,OK,364965,13578,347766,13469,17199,109
Barletta,La Spezia,OK,849990,28245,850023,28246,-33,-1
Barletta,Lanusei,OK,828232,23072,912867,189621,-84635,-166549
Barletta,Latina,OK,396570,15552,396583,15563,-13,-11
Barletta,Lecce,OK,210635,8146,210635,8146,0,0
Barletta,Lecco,OK,884803,31384,884793,31385,10,-1
Barletta,Livorno,OK,791339,27002,791372,27003,-33,-1
Barletta,Lodi,OK,808679,28594,808669,28593,10,1
Barletta,Macerata,OK,401848,14685,401854,14685,-6,0
Barletta,Mantova,OK,731358,26391,731349,26391,9,0
Barletta,Massa,OK,821962,27173,821998,27174,-36,-1
Barletta,Matera,OK,96685,5145,96706,5156,-21,-11
Barletta,Messina,OK,498657,26405,498660,26406,-3,-1
Barletta,Milano,OK,833038,29388,833028,29390,10,-2
Barletta,Modena,OK,665123,24814,665119,24814,4,0
Barletta,Monza,OK,845226,29786,845217,29788,9,-2
Barletta,Napoli,OK,238161,9821,238174,9829,-13,-8
Barletta,Novara,OK,886592,31898,886574,31900,18,-2
Barletta,Nuoro,OK,900899,26748,853103,186403,47796,-159655
Barletta,Olbia,OK,968955,29784,751311,182132,217644,-152348
Barletta,Oristano,OK,981986,30245,932433,189803,49553,-159558
Barletta,Padova,OK,733482,26259,733471,26258,11,1
Barletta,Palermo,OK,723079,35509,723082,35512,-3,-3
Barletta,Parma,OK,717766,26494,717757,26493,9,1
Barletta,Pavia,OK,821912,29740,821923,29740,-11,0
Barletta,Perugia,OK,520422,19985,520425,19990,-3,-5
Barletta,Pesaro,OK,481595,17526,481587,17525,8,1
Barletta,Piacenza,OK,772240,27522,772231,27517,9,5
Barletta,Pisa,OK,782460,26530,782493,26530,-33,0
Barletta,Pistoia,OK,740801,24418,741287,24455,-486,-37
Barletta,Pordenone,OK,842245,29122,842238,29395,7,-273
Barletta,Potenza,OK,120470,6835,120473,6834,-3,1
Barletta,Prato,OK,724203,24036,724236,24037,-33,-1
Barletta,Ragusa,OK,700107,35883,699925,35883,182,0
Barletta,Ravenna,OK,570327,20954,570318,20916,9,38
Barletta,Reggio di Calabria,OK,500849,21782,500851,21783,-2,-1
Barletta,Rieti,OK,424459,15684,424463,15679,-4,5
Barletta,Rimini,OK,512029,18562,512020,18561,9,1
Barletta,Roma,OK,456936,15804,456968,15788,-32,16
Barletta,Rovigo,OK,695430,24877,695437,24877,-7,0
Barletta,Salerno,OK,216525,9416,216526,9415,-1,1
Barletta,Sanluri,OK,945647,28793,979582,191329,-33935,-162536
Barletta,Sassari,OK,1012092,32101,850155,187497,161937,-155396
Barletta,Savona,OK,977599,33381,977639,33382,-40,-1
Barletta,Siena,OK,675722,22842,675755,22842,-33,0
Barletta,Siracusa,OK,659172,33028,659175,33029,-3,-1
Barletta,Sondrio,OK,964361,35058,964418,35139,-57,-81
Barletta,Taranto,OK,145544,6431,145585,6434,-41,-3
Barletta,Tempio Pausania,OK,1010059,31990,793472,184346,216587,-152356
Barletta,Teramo,OK,322252,11946,322251,11940,1,6
Barletta,Terni,OK,458925,17469,458929,17463,-4,6
Barletta,Torino,OK,952073,34368,952064,34367,9,1
Barletta,Tortolì,OK,810186,22230,910774,189548,-100588,-167318
Barletta,Trani,OK,14442,786,14442,786,0,0
Barletta,Trapani,OK,826033,39696,826036,39699,-3,-3
Barletta,Trento,OK,845669,29693,845660,29692,9,1
Barletta,Treviso,OK,784662,27719,784656,27718,6,1
Barletta,Trieste,OK,924550,32130,924515,32498,35,-368
Barletta,Udine,OK,884464,31013,884780,31452,-316,-439
Barletta,Urbino,OK,507876,18600,507867,18600,9,0
Barletta,Varese,OK,893268,31462,893258,31463,10,-1
Barletta,Venezia,OK,769785,27187,769250,27140,535,47
Barletta,Verbania,OK,937617,33482,937612,33483,5,-1
Barletta,Vercelli,OK,917648,32901,917634,32902,14,-1
Barletta,Verona,OK,763687,27411,763685,27376,2,35
Barletta,Vibo Valentia,OK,411763,18886,411764,18886,-1,0
Barletta,Vicenza,OK,765770,27211,765761,27212,9,-1
Barletta,Villacidro,OK,973462,30168,996496,192598,-23034,-162430
Barletta,Viterbo,OK,535681,18933,535714,18934,-33,-1
Belluno,Agrigento,OK,1548010,61495,1548539,61516,-529,-21
Belluno,Alessandria,OK,437687,14723,437394,15075,293,-352
Belluno,Ancona,OK,450834,16945,450846,16961,-12,-16
Belluno,Andria,OK,852981,29420,852964,29433,17,-13
Belluno,Aosta,OK,533642,18837,533618,19104,24,-267
Belluno,Arezzo,OK,420788,13914,420743,13913,45,1
Belluno,Ascoli Piceno,OK,563339,19655,563322,19668,17,-13
Belluno,Asti,OK,473355,15951,473380,16282,-25,-331
Belluno,Avellino,OK,841941,27195,841905,27252,36,-57
Belluno,Bari,OK,903600,31473,903583,31487,17,-14
Belluno,Barletta,OK,852236,29494,852215,29507,21,-13
Belluno,Benevento,OK,824585,27077,824538,27075,47,2
Belluno,Bergamo,OK,314730,10342,314737,10608,-7,-266
Belluno,Biella,OK,451152,15717,451131,15981,21,-264
Belluno,Bologna,OK,242354,7642,242359,7643,-5,-1
Belluno,Bolzano - Bozen,OK,113579,6487,113572,6486,7,1
Belluno,Brescia,OK,270462,8568,270468,8834,-6,-266
Belluno,Brindisi,OK,1017808,35453,1017790,35467,18,-14
Belluno,Cagliari,OK,1057868,32127,1131440,196073,-73572,-163946
Belluno,Caltanissetta,OK,1497541,58357,1498070,58379,-529,-22
Belluno,Campobasso,OK,767715,27207,767697,27220,18,-13
Belluno,Carbonia,OK,1124262,34897,1161736,198028,-37474,-163131
Belluno,Caserta,OK,790442,25399,790396,25398,46,1
Belluno,Catania,OK,1388258,54006,1388791,54028,-533,-22
Belluno,Catanzaro,OK,1204171,41779,1204701,41800,-530,-21
Belluno,Chieti,OK,612314,21203,612035,21206,279,-3
Belluno,Como,OK,398579,13118,398585,13385,-6,-267
Belluno,Cosenza,OK,1111182,38063,1111712,38084,-530,-21
Belluno,Cremona,OK,311273,10008,311279,10338,-6,-330
Belluno,Crotone,OK,1189674,43021,1190204,43042,-530,-21
Belluno,Cuneo,OK,565378,20531,565392,20862,-14,-331
Belluno,Enna,OK,1472178,57502,1472707,57523,-529,-21
Belluno,Fermo,OK,508626,17968,508609,17982,17,-14
Belluno,Ferrara,OK,211629,6872,211635,6872,-6,0
Belluno,Firenze,OK,349911,11989,349864,11987,47,2
Belluno,Foggia,OK,783162,26546,783145,26560,17,-14
Belluno,Forlì,OK,307506,10737,307504,10737,2,0
Belluno,Frosinone,OK,681250,22160,681203,22157,47,3
Belluno,Genova,OK,491503,16464,491509,16792,-6,-328
Belluno,Gorizia,OK,167301,6487,167321,6968,-20,-481
Belluno,Grosseto,OK,483171,17882,483625,17878,-454,4
Belluno,Iglesias,OK,1101570,33856,1134765,197026,-33195,-163170
Belluno,Imperia,OK,589970,20594,589977,20924,-7,-330
Belluno,Isernia,OK,771906,25708,771858,25761,48,-53
Belluno,L'Aquila,OK,635421,21748,635357,21761,64,-13
Belluno,La Spezia,OK,448652,14985,448658,14986,-6,-1
Belluno,Lanusei,OK,936115,25770,1020697,192310,-84582,-166540
Belluno,Latina,OK,683839,23041,683792,23021,47,20
Belluno,Lecce,OK,1053182,36855,1053164,36868,18,-13
Belluno,Lecco,OK,347416,12179,347423,12445,-7,-266
Belluno,Livorno,OK,423085,14894,423038,14892,47,2
Belluno,Lodi,OK,337334,12301,337342,12568,-8,-267
Belluno,Macerata,OK,511249,17849,511235,17863,14,-14
Belluno,Mantova,OK,242630,7608,242636,7557,-6,51
Belluno,Massa,OK,439184,14605,439141,14603,43,2
Belluno,Matera,OK,928152,33559,928141,33582,11,-23
Belluno,Messina,OK,1292669,49867,1293201,49888,-532,-21
Belluno,Milano,OK,358190,11989,358195,12255,-5,-266
Belluno,Modena,OK,280860,9340,280871,9341,-11,-1
Belluno,Monza,OK,350272,11468,350279,11734,-7,-266
Belluno,Napoli,OK,816240,26131,816194,26129,46,2
Belluno,Novara,OK,402574,13958,402571,14224,3,-266
Belluno,Nuoro,OK,1008782,29445,960934,189092,47848,-159647
Belluno,Olbia,OK,1076838,32482,859141,184822,217697,-152340
Belluno,Oristano,OK,1089869,32943,1040263,192492,49606,-159549
Belluno,Padova,OK,130275,4618,130281,4619,-6,-1
Belluno,Palermo,OK,1139719,56853,1517623,58994,-377904,-2141
Belluno,Parma,OK,333502,11020,333508,11020,-6,0
Belluno,Pavia,OK,404553,13413,404559,13743,-6,-330
Belluno,Perugia,OK,497311,16480,497264,16478,47,2
Belluno,Pesaro,OK,386394,13244,386400,13259,-6,-15
Belluno,Piacenza,OK,344612,11314,344618,11640,-6,-326
Belluno,Pisa,OK,414768,14015,414722,14004,46,11
Belluno,Pistoia,OK,358023,11850,358430,11885,-407,-35
Belluno,Pordenone,OK,78642,2895,78649,3169,-7,-274
Belluno,Potenza,OK,890143,32098,890126,32112,17,-14
Belluno,Prato,OK,341425,11468,341378,11466,47,2
Belluno,Ragusa,OK,1494119,59344,1494466,59365,-347,-21
Belluno,Ravenna,OK,313858,10529,313862,10529,-4,0
Belluno,Reggio di Calabria,OK,1294861,45244,1295393,45265,-532,-21
Belluno,Rieti,OK,607600,20198,607550,20196,50,2
Belluno,Rimini,OK,353783,11861,353789,11876,-6,-15
Belluno,Roma,OK,618309,20470,618263,20468,46,2
Belluno,Rovigo,OK,168805,5559,168810,5561,-5,-2
Belluno,Salerno,OK,858207,27811,858161,27809,46,2
Belluno,Sanluri,OK,1053530,31490,1087412,194018,-33882,-162528
Belluno,Sassari,OK,1119975,34799,957986,190187,161989,-155388
Belluno,Savona,OK,514591,17614,514605,17945,-14,-331
Belluno,Siena,OK,409661,14357,409614,14355,47,2
Belluno,Siracusa,OK,1453184,56490,1453717,56511,-533,-21
Belluno,Sondrio,OK,265530,14241,265594,14245,-64,-4
Belluno,Taranto,OK,987543,35086,987566,35103,-23,-17
Belluno,Tempio Pausania,OK,1117943,34687,901303,187035,216640,-152348
Belluno,Teramo,OK,577612,19964,577591,19971,21,-7
Belluno,Terni,OK,571850,18183,571804,18182,46,1
Belluno,Torino,OK,490428,17200,490434,17466,-6,-266
Belluno,Tortolì,OK,918069,24927,1018604,192237,-100535,-167310
Belluno,Trani,OK,863226,29903,863209,29916,17,-13
Belluno,Trapani,OK,1239768,60798,1620577,63181,-380809,-2383
Belluno,Trento,OK,107423,5670,107424,5669,-1,1
Belluno,Treviso,OK,84102,3105,84110,3106,-8,-1
Belluno,Trieste,OK,196628,6896,196605,7408,23,-512
Belluno,Udine,OK,128397,5600,128384,5934,13,-334
Belluno,Urbino,OK,409949,14733,409955,14748,-6,-15
Belluno,Varese,OK,406625,13423,406632,13689,-7,-266
Belluno,Venezia,OK,105152,3932,104633,3886,519,46
Belluno,Verbania,OK,450974,15444,450986,15710,-12,-266
Belluno,Vercelli,OK,433629,14960,433632,15226,-3,-266
Belluno,Verona,OK,203618,6623,203624,6593,-6,30
Belluno,Vibo Valentia,OK,1205775,42347,1206305,42368,-530,-21
Belluno,Vicenza,OK,156873,5301,156880,5302,-7,-1
Belluno,Villacidro,OK,1081345,32866,1104326,195287,-22981,-162421
Belluno,Viterbo,OK,559664,18185,559624,18183,40,2
Benevento,Agrigento,OK,759462,37211,760037,37234,-575,-23
Benevento,Alessandria,OK,814899,27302,814524,27802,375,-500
Benevento,Ancona,OK,390795,15469,390456,15402,339,67
Benevento,Andria,OK,147177,6267,147177,6267,0,0
Benevento,Aosta,OK,963152,32939,963045,33420,107,-481
Benevento,Arezzo,OK,421972,14505,421973,14506,-1,-1
Benevento,Ascoli Piceno,OK,328652,13177,328653,13174,-1,3
Benevento,Asti,OK,850567,28529,850510,29008,57,-479
Benevento,Avellino,OK,32639,2170,32639,2170,0,0
Benevento,Bari,OK,197797,8320,197796,8320,1,0
Benevento,Barletta,OK,146432,6341,146429,6341,3,0
Benevento,Belluno,OK,825177,26895,825103,27275,74,-380
Benevento,Bergamo,OK,805898,27012,822877,27551,-16979,-539
Benevento,Biella,OK,880662,29819,880558,30298,104,-479
Benevento,Bologna,OK,582110,19800,582034,20180,76,-380
Benevento,Bolzano - Bozen,OK,847208,28053,847132,28532,76,-479
Benevento,Brescia,OK,761630,25238,761554,25932,76,-694
Benevento,Brindisi,OK,312004,12300,312003,12300,1,0
Benevento,Cagliari,OK,750740,22093,824351,186039,-73611,-163946
Benevento,Caltanissetta,OK,708993,34073,709568,34097,-575,-24
Benevento,Campobasso,OK,64963,3785,64963,3785,0,0
Benevento,Carbonia,OK,817134,24863,854647,187995,-37513,-163132
Benevento,Caserta,OK,50272,2938,50273,2935,-1,3
Benevento,Catania,OK,599710,29722,600289,29745,-579,-23
Benevento,Catanzaro,OK,415622,17495,416199,17518,-577,-23
Benevento,Chieti,OK,236043,10523,244158,10545,-8115,-22
Benevento,Como,OK,830713,27319,830636,27799,77,-480
Benevento,Cosenza,OK,322634,13779,323210,13802,-576,-23
Benevento,Cremona,OK,746758,24770,746682,25248,76,-478
Benevento,Crotone,OK,401126,18736,401702,18759,-576,-23
Benevento,Cuneo,OK,852319,30204,852327,30204,-8,0
Benevento,Enna,OK,683630,33218,684205,33241,-575,-23
Benevento,Fermo,OK,337873,13478,337534,13410,339,68
Benevento,Ferrara,OK,626941,21223,626864,21604,77,-381
Benevento,Firenze,OK,477796,16147,478123,16147,-327,0
Benevento,Foggia,OK,112905,4917,112905,4917,0,0
Benevento,Forlì,OK,554953,20796,554953,20796,0,0
Benevento,Frosinone,OK,150650,5595,150650,5595,0,0
Benevento,Genova,OK,712210,24605,712210,24603,0,2
Benevento,Gorizia,OK,859614,28743,859554,29460,60,-717
Benevento,Grosseto,OK,406806,15558,406807,15558,-1,0
Benevento,Iglesias,OK,794442,23821,827676,186993,-33234,-163172
Benevento,Imperia,OK,828826,29187,828827,29186,-1,1
Benevento,Isernia,OK,85750,4804,85750,4804,0,0
Benevento,L'Aquila,OK,236875,9597,236843,9592,32,5
Benevento,La Spezia,OK,625839,21071,625839,21071,0,0
Benevento,Lanusei,OK,628987,15735,713609,182276,-84622,-166541
Benevento,Latina,OK,197325,8215,197325,8218,0,-3
Benevento,Lecce,OK,347378,13702,347377,13702,1,0
Benevento,Lecco,OK,830294,27546,830218,28026,76,-480
Benevento,Livorno,OK,567188,19828,567188,19828,0,0
Benevento,Lodi,OK,754170,24756,754094,25234,76,-478
Benevento,Macerata,OK,374286,15066,373950,14999,336,67
Benevento,Mantova,OK,676850,22554,676774,23032,76,-478
Benevento,Massa,OK,597810,19998,597814,19999,-4,-1
Benevento,Matera,OK,194416,10042,194394,10056,22,-14
Benevento,Messina,OK,504121,25582,504700,25605,-579,-23
Benevento,Milano,OK,778530,25550,778452,26031,78,-481
Benevento,Modena,OK,610614,20977,610544,21455,70,-478
Benevento,Monza,OK,790718,25948,790641,26429,77,-481
Benevento,Napoli,OK,71844,3794,71845,3790,-1,4
Benevento,Novara,OK,832084,28060,831998,28541,86,-481
Benevento,Nuoro,OK,701654,19411,653845,179058,47809,-159647
Benevento,Olbia,OK,769710,22447,552053,174788,217657,-152341
Benevento,Oristano,OK,782741,22908,733175,182459,49566,-159551
Benevento,Padova,OK,697873,23280,697795,23660,78,-380
Benevento,Palermo,OK,395323,34516,729122,34712,-333799,-196
Benevento,Parma,OK,663257,22656,663181,23134,76,-478
Benevento,Pavia,OK,767404,25902,767348,26381,56,-479
Benevento,Perugia,OK,376005,14019,376004,14019,1,0
Benevento,Pesaro,OK,454033,17907,453683,17839,350,68
Benevento,Piacenza,OK,717731,23684,717655,24158,76,-474
Benevento,Pisa,OK,558308,19355,558308,19355,0,0
Benevento,Pistoia,OK,516649,17244,517103,17281,-454,-37
Benevento,Pordenone,OK,806635,26143,806562,26797,73,-654
Benevento,Potenza,OK,147250,7142,147250,7142,0,0
Benevento,Prato,OK,500051,16862,500051,16862,0,0
Benevento,Ragusa,OK,705571,35060,705965,35083,-394,-23
Benevento,Ravenna,OK,569296,21311,542415,21230,26881,81
Benevento,Reggio di Calabria,OK,506313,20960,506892,20983,-579,-23
Benevento,Rieti,OK,296717,11071,296717,11065,0,6
Benevento,Rimini,OK,484467,18943,484116,18875,351,68
Benevento,Roma,OK,227030,8533,227030,8533,0,0
Benevento,Rovigo,OK,659821,21899,659761,22280,60,-381
Benevento,Salerno,OK,69659,3527,69659,3527,0,0
Benevento,Sanluri,OK,746402,21456,780324,183984,-33922,-162528
Benevento,Sassari,OK,812847,24764,650897,180153,161950,-155389
Benevento,Savona,OK,753447,26207,753455,26207,-8,0
Benevento,Siena,OK,451570,15668,451570,15668,0,0
Benevento,Siracusa,OK,664636,32206,665215,32229,-579,-23
Benevento,Sondrio,OK,909852,31220,909842,31780,10,-560
Benevento,Taranto,OK,281739,11934,281780,11936,-41,-2
Benevento,Tempio Pausania,OK,810815,24653,594214,177002,216601,-152349
Benevento,Teramo,OK,294518,11197,294520,11194,-2,3
Benevento,Terni,OK,307063,11389,307064,11389,-1,0
Benevento,Torino,OK,897564,30530,897488,31008,76,-478
Benevento,Tortolì,OK,610941,14893,711516,182204,-100575,-167311
Benevento,Trani,OK,157422,6750,157422,6750,0,0
Benevento,Trapani,OK,495372,38461,832076,38899,-336704,-438
Benevento,Trento,OK,791161,25855,791085,26333,76,-478
Benevento,Treviso,OK,749053,24741,748979,25121,74,-380
Benevento,Trieste,OK,888941,29152,888838,29900,103,-748
Benevento,Udine,OK,848855,28034,849104,28855,-249,-821
Benevento,Urbino,OK,480314,18982,479964,18914,350,68
Benevento,Varese,OK,838759,27624,838683,28104,76,-480
Benevento,Venezia,OK,734175,24209,733573,24543,602,-334
Benevento,Verbania,OK,883108,29644,883036,30124,72,-480
Benevento,Vercelli,OK,863140,29063,863059,29543,81,-480
Benevento,Verona,OK,709179,23574,709109,24017,70,-443
Benevento,Vibo Valentia,OK,417227,18063,417804,18086,-577,-23
Benevento,Vicenza,OK,730161,24232,730085,24614,76,-382
Benevento,Villacidro,OK,774217,22831,797238,185253,-23021,-162422
Benevento,Viterbo,OK,311529,11759,311529,11759,0,0
Bergamo,Agrigento,OK,1531491,61475,1548631,61556,-17140,-81
Bergamo,Alessandria,OK,143123,5581,142823,5604,300,-23
Bergamo,Ancona,OK,453530,17697,470154,17772,-16624,-75
Bergamo,Andria,OK,855678,30171,872273,30245,-16595,-74
Bergamo,Aosta,OK,225493,9075,225463,9075,30,0
Bergamo,Arezzo,OK,404269,13894,420836,13953,-16567,-59
Bergamo,Ascoli Piceno,OK,566036,20406,582631,20480,-16595,-74
Bergamo,Asti,OK,179949,6904,179968,6905,-19,-1
Bergamo,Avellino,OK,825421,27174,841998,27292,-16577,-118
Bergamo,Bari,OK,906297,32224,922892,32298,-16595,-74
Bergamo,Barletta,OK,854932,30245,871524,30319,-16592,-74
Bergamo,Belluno,OK,318283,10599,318286,11026,-3,-427
Bergamo,Benevento,OK,808065,27057,824631,27115,-16566,-58
Bergamo,Biella,OK,143003,5954,142975,5953,28,1
Bergamo,Bologna,OK,239910,8228,256529,8288,-16619,-60
Bergamo,Bolzano - Bozen,OK,255030,9047,255033,9426,-3,-379
Bergamo,Brescia,OK,55915,2594,55915,2594,0,0
Bergamo,Brindisi,OK,1020505,36205,1037099,36279,-16594,-74
Bergamo,Cagliari,OK,1041348,32107,1131533,196113,-90185,-164006
Bergamo,Caltanissetta,OK,1481022,58337,1498163,58419,-17141,-82
Bergamo,Campobasso,OK,770411,27958,787006,28032,-16595,-74
Bergamo,Carbonia,OK,1107743,34877,1161829,198068,-54086,-163191
Bergamo,Caserta,OK,773923,25379,790489,25438,-16566,-59
Bergamo,Catania,OK,1371739,53986,1388884,54067,-17145,-81
Bergamo,Catanzaro,OK,1187651,41758,1204794,41840,-17143,-82
Bergamo,Chieti,OK,615011,21954,631344,22017,-16333,-63
Bergamo,Como,OK,90430,3356,90430,3356,0,0
Bergamo,Cosenza,OK,1094663,38043,1111805,38124,-17142,-81
Bergamo,Cremona,OK,99403,4093,99403,4156,0,-63
Bergamo,Crotone,OK,1173155,43000,1190297,43082,-17142,-82
Bergamo,Cuneo,OK,271972,11485,271980,11486,-8,-1
Bergamo,Enna,OK,1455658,57482,1472800,57563,-17142,-81
Bergamo,Fermo,OK,511323,18720,527918,18794,-16595,-74
Bergamo,Ferrara,OK,209967,8911,209999,9300,-32,-389
Bergamo,Firenze,OK,333391,11969,349957,12027,-16566,-58
Bergamo,Foggia,OK,785858,27298,802454,27372,-16596,-74
Bergamo,Forlì,OK,310203,11489,326813,11549,-16610,-60
Bergamo,Frosinone,OK,664731,22139,681296,22197,-16565,-58
Bergamo,Genova,OK,196938,7322,196938,7321,0,1
Bergamo,Gorizia,OK,352721,12447,352737,13211,-16,-764
Bergamo,Grosseto,OK,466652,17861,483718,17917,-17066,-56
Bergamo,Iglesias,OK,1085050,33835,1134857,197066,-49807,-163231
Bergamo,Imperia,OK,295405,11452,295406,11452,-1,0
Bergamo,Isernia,OK,755386,25688,771951,25801,-16565,-113
Bergamo,L'Aquila,OK,691306,22493,707870,22552,-16564,-59
Bergamo,La Spezia,OK,265793,9629,265793,9630,0,-1
Bergamo,Lanusei,OK,919596,25749,1020790,192350,-101194,-166601
Bergamo,Latina,OK,667319,23021,683885,23061,-16566,-40
Bergamo,Lecce,OK,1055878,37606,1072473,37680,-16595,-74
Bergamo,Lecco,OK,34978,2209,34978,2209,0,0
Bergamo,Livorno,OK,341638,12782,341638,12782,0,0
Bergamo,Lodi,OK,54755,3353,54753,3353,2,0
Bergamo,Macerata,OK,513946,18600,530544,18675,-16598,-75
Bergamo,Mantova,OK,139781,5040,139781,5437,0,-397
Bergamo,Massa,OK,282878,10376,282881,10377,-3,-1
Bergamo,Matera,OK,930849,34310,947450,34394,-16601,-84
Bergamo,Messina,OK,1276150,49846,1293294,49928,-17144,-82
Bergamo,Milano,OK,50041,2226,50040,2226,1,0
Bergamo,Modena,OK,204496,7148,221114,7209,-16618,-61
Bergamo,Monza,OK,42123,1705,42123,1705,0,0
Bergamo,Napoli,OK,799721,26111,816287,26169,-16566,-58
Bergamo,Novara,OK,94425,4196,94416,4196,9,0
Bergamo,Nuoro,OK,992263,29425,961027,189132,31236,-159707
Bergamo,Olbia,OK,1060319,32461,859234,184861,201085,-152400
Bergamo,Oristano,OK,1073350,32922,1040356,192532,32994,-159610
Bergamo,Padova,OK,195050,6873,195050,7300,0,-427
Bergamo,Palermo,OK,1123199,56833,1517716,59034,-394517,-2201
Bergamo,Parma,OK,169198,5735,169197,5736,1,-1
Bergamo,Pavia,OK,90921,3807,90921,3808,0,-1
Bergamo,Perugia,OK,480791,16459,497357,16518,-16566,-59
Bergamo,Pesaro,OK,389090,13995,405709,14070,-16619,-75
Bergamo,Piacenza,OK,112238,4115,112237,4115,1,0
Bergamo,Pisa,OK,324412,12174,324412,12174,0,0
Bergamo,Pistoia,OK,341504,11830,358523,11925,-17019,-95
Bergamo,Pordenone,OK,299742,9847,299744,10548,-2,-701
Bergamo,Potenza,OK,892840,32850,909435,32924,-16595,-74
Bergamo,Prato,OK,324906,11448,341471,11506,-16565,-58
Bergamo,Ragusa,OK,1477600,59323,1494559,59405,-16959,-82
Bergamo,Ravenna,OK,316554,11280,333171,11341,-16617,-61
Bergamo,Reggio di Calabria,OK,1278341,45223,1295486,45305,-17145,-82
Bergamo,Rieti,OK,591081,20178,607643,20236,-16562,-58
Bergamo,Rimini,OK,356480,12612,373098,12687,-16618,-75
Bergamo,Roma,OK,601790,20449,618355,20508,-16565,-59
Bergamo,Rovigo,OK,200051,7903,200083,8292,-32,-389
Bergamo,Salerno,OK,841687,27791,858254,27849,-16567,-58
Bergamo,Sanluri,OK,1037010,31470,1087505,194058,-50495,-162588
Bergamo,Sassari,OK,1103456,34778,958079,190226,145377,-155448
Bergamo,Savona,OK,220026,8473,220034,8473,-8,0
Bergamo,Siena,OK,393142,14336,409706,14395,-16564,-59
Bergamo,Siracusa,OK,1436665,56469,1453810,56551,-17145,-82
Bergamo,Sondrio,OK,114536,5883,114603,5962,-67,-79
Bergamo,Taranto,OK,990240,35838,1006875,35915,-16635,-77
Bergamo,Tempio Pausania,OK,1101423,34667,901396,187075,200027,-152408
Bergamo,Teramo,OK,580308,20716,596900,20783,-16592,-67
Bergamo,Terni,OK,555330,18163,571897,18221,-16567,-58
Bergamo,Torino,OK,182279,7438,182279,7438,0,0
Bergamo,Tortolì,OK,901550,24907,1018697,192277,-117147,-167370
Bergamo,Trani,OK,865923,30654,882518,30728,-16595,-74
Bergamo,Trapani,OK,1223249,60778,1620670,63221,-397421,-2443
Bergamo,Trento,OK,198983,6848,198986,7227,-3,-379
Bergamo,Treviso,OK,242159,8444,242162,8871,-3,-427
Bergamo,Trieste,OK,382047,12855,382021,13651,26,-796
Bergamo,Udine,OK,341961,11738,342287,12605,-326,-867
Bergamo,Urbino,OK,412646,15484,429264,15559,-16618,-75
Bergamo,Varese,OK,98476,3661,98477,3661,-1,0
Bergamo,Venezia,OK,227282,7913,226756,8293,526,-380
Bergamo,Verbania,OK,142825,5682,142831,5681,-6,1
Bergamo,Vercelli,OK,125480,5198,125477,5198,3,0
Bergamo,Verona,OK,116631,4418,116637,4853,-6,-435
Bergamo,Vibo Valentia,OK,1189256,42327,1206398,42408,-17142,-81
Bergamo,Vicenza,OK,165383,5883,165620,6309,-237,-426
Bergamo,Villacidro,OK,1064826,32845,1104419,195327,-39593,-162482
Bergamo,Viterbo,OK,543144,18164,559717,18223,-16573,-59
Biella,Agrigento,OK,1605376,64273,1605869,64292,-493,-19
Biella,Alessandria,OK,104717,5196,102911,5617,1806,-421
Biella,Ancona,OK,527415,20495,527392,20508,23,-13
Biella,Andria,OK,929563,32969,929510,32981,53,-12
Biella,Aosta,OK,86950,4455,86950,4453,0,2
Biella,Arezzo,OK,478154,16692,478073,16688,81,4
Biella,Ascoli Piceno,OK,639920,23204,639868,23215,52,-11
Biella,Asti,OK,99128,5515,99108,5513,20,2
Biella,Avellino,OK,899306,29972,899235,30028,71,-56
Biella,Bari,OK,980182,35023,980129,35034,53,-11
Biella,Barletta,OK,928817,33043,928761,33055,56,-12
Biella,Belluno,OK,454219,15966,454192,16391,27,-425
Biella,Benevento,OK,881950,29855,881868,29851,82,4
Biella,Bergamo,OK,143283,5987,143254,5985,29,2
Biella,Bologna,OK,313795,11026,313766,11024,29,2
Biella,Bolzano - Bozen,OK,390966,14414,390939,14791,27,-377
Biella,Brescia,OK,191850,7961,191821,7959,29,2
Biella,Brindisi,OK,1094389,39003,1094336,39014,53,-11
Biella,Cagliari,OK,1115233,34905,1188770,198848,-73537,-163943
Biella,Caltanissetta,OK,1554906,61135,1555400,61154,-494,-19
Biella,Campobasso,OK,844296,30756,844243,30768,53,-12
Biella,Carbonia,OK,1181628,37675,1219066,200804,-37438,-163129
Biella,Caserta,OK,847808,28177,847726,28173,82,4
Biella,Catania,OK,1445624,56784,1446121,56803,-497,-19
Biella,Catanzaro,OK,1261536,44557,1262031,44575,-495,-18
Biella,Chieti,OK,688895,24752,688581,24753,314,-1
Biella,Como,OK,127249,5440,127220,5438,29,2
Biella,Cosenza,OK,1168548,40841,1169042,40859,-494,-18
Biella,Cremona,OK,203338,8098,203308,8096,30,2
Biella,Crotone,OK,1247039,45798,1247534,45817,-495,-19
Biella,Cuneo,OK,180826,8317,180805,8316,21,1
Biella,Enna,OK,1529543,60280,1530037,60299,-494,-19
Biella,Fermo,OK,585207,21518,585155,21529,52,-11
Biella,Ferrara,OK,355344,12301,355314,12299,30,2
Biella,Firenze,OK,407276,14767,407194,14763,82,4
Biella,Foggia,OK,859743,30096,859691,30107,52,-11
Biella,Forlì,OK,384088,14287,384050,14284,38,3
Biella,Frosinone,OK,738615,24937,738533,24933,82,4
Biella,Genova,OK,175445,8226,175421,8223,24,3
Biella,Gorizia,OK,488656,17814,488643,18576,13,-762
Biella,Grosseto,OK,540536,20659,540955,20653,-419,6
Biella,Iglesias,OK,1158935,36633,1192095,199802,-33160,-163169
Biella,Imperia,OK,260498,11454,260474,11450,24,4
Biella,Isernia,OK,829271,28486,829188,28537,83,-51
Biella,L'Aquila,OK,765191,25291,765107,25288,84,3
Biella,La Spezia,OK,283363,12080,283338,12077,25,3
Biella,Lanusei,OK,993480,28547,1078027,195085,-84547,-166538
Biella,Latina,OK,741204,25819,741122,25796,82,23
Biella,Lecce,OK,1129763,40404,1129710,40416,53,-12
Biella,Lecco,OK,146910,6474,146880,6473,30,1
Biella,Livorno,OK,359274,15225,359249,15222,25,3
Biella,Lodi,OK,137925,6453,137896,6451,29,2
Biella,Macerata,OK,587831,21399,587781,21410,50,-11
Biella,Mantova,OK,275716,10407,275687,10802,29,-395
Biella,Massa,OK,300514,12820,300493,12817,21,3
Biella,Matera,OK,1004733,37108,1004688,37129,45,-21
Biella,Messina,OK,1350034,52644,1350531,52663,-497,-19
Biella,Milano,OK,101808,4883,101779,4881,29,2
Biella,Modena,OK,278381,9947,278352,9945,29,2
Biella,Monza,OK,109085,4985,109320,4990,-235,-5
Biella,Napoli,OK,873606,28909,873524,28904,82,5
Biella,Novara,OK,57487,3211,57458,3209,29,2
Biella,Nuoro,OK,1066147,32223,1018264,191867,47883,-159644
Biella,Olbia,OK,1134203,35259,916471,187597,217732,-152338
Biella,Oristano,OK,1147235,35720,1097593,195268,49642,-159548
Biella,Padova,OK,330986,12240,330956,12666,30,-426
Biella,Palermo,OK,1197084,59631,1574954,61770,-377870,-2139
Biella,Parma,OK,226464,8473,226434,8471,30,2
Biella,Pavia,OK,134149,5768,134120,5766,29,2
Biella,Perugia,OK,554676,19257,554594,19253,82,4
Biella,Pesaro,OK,462975,16793,462946,16806,29,-13
Biella,Piacenza,OK,169505,6853,169474,6851,31,2
Biella,Pisa,OK,342048,14617,342023,14614,25,3
Biella,Pistoia,OK,415388,14628,415760,14660,-372,-32
Biella,Pordenone,OK,435677,15214,435650,15913,27,-699
Biella,Potenza,OK,966725,35648,966672,35659,53,-11
Biella,Prato,OK,398790,14246,398708,14242,82,4
Biella,Ragusa,OK,1551484,62122,1551796,62141,-312,-19
Biella,Ravenna,OK,390439,14079,390408,14076,31,3
Biella,Reggio di Calabria,OK,1352226,48021,1352723,48040,-497,-19
Biella,Rieti,OK,664965,22976,664880,22971,85,5
Biella,Rimini,OK,430364,15410,430335,15423,29,-13
Biella,Roma,OK,675674,23248,675593,23243,81,5
Biella,Rovigo,OK,388224,12976,388211,12975,13,1
Biella,Salerno,OK,915572,30589,915491,30584,81,5
Biella,Sanluri,OK,1110895,34268,1144742,196793,-33847,-162525
Biella,Sassari,OK,1177341,37576,1015316,192962,162025,-155386
Biella,Savona,OK,185119,8474,185102,8471,17,3
Biella,Siena,OK,467026,17134,466944,17130,82,4
Biella,Siracusa,OK,1510550,59267,1511047,59286,-497,-19
Biella,Sondrio,OK,226468,10149,226505,10226,-37,-77
Biella,Taranto,OK,1064124,38636,1064113,38650,11,-14
Biella,Tempio Pausania,OK,1175308,37465,958633,189811,216675,-152346
Biella,Teramo,OK,654193,23514,654137,23519,56,-5
Biella,Terni,OK,629215,20961,629134,20957,81,4
Biella,Torino,OK,83104,4067,83076,4065,28,2
Biella,Tortolì,OK,975434,27705,1075935,195013,-100501,-167308
Biella,Trani,OK,939808,33452,939755,33464,53,-12
Biella,Trapani,OK,1297133,63576,1677908,65956,-380775,-2380
Biella,Trento,OK,334919,12215,334892,12592,27,-377
Biella,Treviso,OK,378094,13811,378068,14236,26,-425
Biella,Trieste,OK,517983,18222,517927,19016,56,-794
Biella,Udine,OK,477897,17105,478193,17971,-296,-866
Biella,Urbino,OK,486531,18283,486502,18295,29,-12
Biella,Varese,OK,94971,4801,94960,4801,11,0
Biella,Venezia,OK,363217,13280,362662,13659,555,-379
Biella,Verbania,OK,85999,4753,85987,4752,12,1
Biella,Vercelli,OK,43074,2549,43045,2548,29,1
Biella,Verona,OK,252566,9785,252543,10218,23,-433
Biella,Vibo Valentia,OK,1263140,45125,1263636,45144,-496,-19
Biella,Vicenza,OK,301319,11250,301526,11674,-207,-424
Biella,Villacidro,OK,1138711,35643,1161657,198062,-22946,-162419
Biella,Viterbo,OK,617029,20962,616955,20959,74,3
Bologna,Agrigento,OK,1309081,54464,1309604,54485,-523,-21
Bologna,Alessandria,OK,249391,8692,249093,8794,298,-102
Bologna,Ancona,OK,213923,10017,213928,10032,-5,-15
Bologna,Andria,OK,616070,22491,616047,22504,23,-13
Bologna,Aosta,OK,397644,14330,397614,14413,30,-83
Bologna,Arezzo,OK,181859,6884,181808,6881,51,3
Bologna,Ascoli Piceno,OK,326428,12726,326404,12739,24,-13
Bologna,Asti,OK,285059,9920,285078,10001,-19,-81
Bologna,Avellino,OK,603011,20164,602971,20221,40,-57
Bologna,Bari,OK,666689,24544,666666,24558,23,-14
Bologna,Barletta,OK,615324,22565,615298,22579,26,-14
Bologna,Belluno,OK,245090,7650,245092,7650,-2,0
Bologna,Benevento,OK,585656,20047,585604,20044,52,3
Bologna,Bergamo,OK,240390,8402,257445,8544,-17055,-142
Bologna,Biella,OK,315154,11209,315126,11290,28,-81
Bologna,Bolzano - Bozen,OK,281699,9444,281700,9524,-1,-80
Bologna,Brescia,OK,196122,6628,196123,6924,-1,-296
Bologna,Brindisi,OK,780897,28525,780873,28538,24,-13
Bologna,Cagliari,OK,818939,25097,892506,189041,-73567,-163944
Bologna,Caltanissetta,OK,1258612,51327,1259136,51347,-524,-20
Bologna,Campobasso,OK,530804,20278,530780,20292,24,-14
Bologna,Carbonia,OK,885333,27867,922801,190997,-37468,-163130
Bologna,Caserta,OK,551513,18369,551462,18366,51,3
Bologna,Catania,OK,1149329,46976,1149857,46996,-528,-20
Bologna,Catanzaro,OK,965241,34748,965767,34768,-526,-20
Bologna,Chieti,OK,375403,14274,375118,14277,285,-3
Bologna,Como,OK,265205,8709,265205,8792,0,-83
Bologna,Cosenza,OK,872253,31032,872778,31053,-525,-21
Bologna,Cremona,OK,181250,6161,181251,6241,-1,-80
Bologna,Crotone,OK,950745,35990,951270,36010,-525,-20
Bologna,Cuneo,OK,377082,14501,377090,14581,-8,-80
Bologna,Enna,OK,1233249,50471,1233773,50492,-524,-21
Bologna,Fermo,OK,271715,11040,271692,11053,23,-13
Bologna,Ferrara,OK,46854,1978,46853,1978,1,0
Bologna,Firenze,OK,110982,4958,110930,4956,52,2
Bologna,Foggia,OK,546251,19618,546227,19631,24,-13
Bologna,Forlì,OK,70595,3809,70586,3808,9,1
Bologna,Frosinone,OK,442321,15129,442269,15126,52,3
Bologna,Genova,OK,303207,10433,303207,10511,0,-78
Bologna,Gorizia,OK,279527,9497,279543,9834,-16,-337
Bologna,Grosseto,OK,244242,10851,244691,10846,-449,5
Bologna,Iglesias,OK,862641,26825,895830,189995,-33189,-163170
Bologna,Imperia,OK,401674,14563,401675,14643,-1,-80
Bologna,Isernia,OK,532977,18677,532924,18730,53,-53
Bologna,L'Aquila,OK,398510,14820,398439,14832,71,-12
Bologna,La Spezia,OK,212898,8012,212900,8092,-2,-80
Bologna,Lanusei,OK,697186,18739,781763,185279,-84577,-166540
Bologna,Latina,OK,444910,16010,444858,15989,52,21
Bologna,Lecce,OK,816271,29926,816246,29939,25,-13
Bologna,Lecco,OK,264786,8936,264786,9019,0,-83
Bologna,Livorno,OK,184156,7863,184104,7860,52,3
Bologna,Lodi,OK,188662,6146,188663,6226,-1,-80
Bologna,Macerata,OK,274338,10920,274317,10934,21,-14
Bologna,Mantova,OK,111342,3944,111343,4024,-1,-80
Bologna,Massa,OK,200255,7574,200206,7572,49,2
Bologna,Matera,OK,691241,26630,691224,26653,17,-23
Bologna,Messina,OK,1053740,42836,1054267,42856,-527,-20
Bologna,Milano,OK,213022,6941,213021,7023,1,-82
Bologna,Modena,OK,45106,2367,45113,2447,-7,-80
Bologna,Monza,OK,225210,7339,225210,7421,0,-82
Bologna,Napoli,OK,577311,19100,577260,19097,51,3
Bologna,Novara,OK,266576,9451,266567,9533,9,-82
Bologna,Nuoro,OK,769853,22415,722000,182060,47853,-159645
Bologna,Olbia,OK,837909,25451,620207,177790,217702,-152339
Bologna,Oristano,OK,850940,25912,801329,185461,49611,-159549
Bologna,Padova,OK,117786,4035,117784,4035,2,0
Bologna,Palermo,OK,900790,49822,1278689,51963,-377899,-2141
Bologna,Parma,OK,97749,4046,97750,4126,-1,-80
Bologna,Pavia,OK,201895,7292,201917,7374,-22,-82
Bologna,Perugia,OK,258381,9449,258330,9446,51,3
Bologna,Pesaro,OK,149483,6315,149482,6330,1,-15
Bologna,Piacenza,OK,152223,5074,152224,5151,-1,-77
Bologna,Pisa,OK,175839,6984,175787,6972,52,12
Bologna,Pistoia,OK,119094,4820,119495,4853,-401,-33
Bologna,Pordenone,OK,226548,6898,226551,7172,-3,-274
Bologna,Potenza,OK,653232,25169,653209,25183,23,-14
Bologna,Prato,OK,102496,4438,102444,4435,52,3
Bologna,Ragusa,OK,1255190,52313,1255532,52334,-342,-21
Bologna,Ravenna,OK,76946,3600,76945,3600,1,0
Bologna,Reggio di Calabria,OK,1055932,38213,1056459,38233,-527,-20
Bologna,Rieti,OK,368671,13168,368616,13165,55,3
Bologna,Rimini,OK,116872,4932,116871,4947,1,-15
Bologna,Roma,OK,379380,13439,379328,13436,52,3
Bologna,Rovigo,OK,79734,2653,79750,2654,-16,-1
Bologna,Salerno,OK,619278,20780,619226,20777,52,3
Bologna,Sanluri,OK,814601,24459,848478,186986,-33877,-162527
Bologna,Sassari,OK,881046,27768,719051,183155,161995,-155387
Bologna,Savona,OK,326295,11583,326303,11664,-8,-81
Bologna,Siena,OK,170732,7326,170679,7323,53,3
Bologna,Siracusa,OK,1214255,49459,1214783,49479,-528,-20
Bologna,Sondrio,OK,344344,12610,344411,12772,-67,-162
Bologna,Taranto,OK,750632,28158,750649,28174,-17,-16
Bologna,Tempio Pausania,OK,879013,27656,662369,180004,216644,-152348
Bologna,Teramo,OK,340701,13035,340674,13042,27,-7
Bologna,Terni,OK,332921,11153,332870,11150,51,3
Bologna,Torino,OK,332056,11920,332057,12000,-1,-80
Bologna,Tortolì,OK,679140,17897,779670,185206,-100530,-167309
Bologna,Trani,OK,626315,22974,626292,22987,23,-13
Bologna,Trapani,OK,1000839,53767,1381643,56149,-380804,-2382
Bologna,Trento,OK,225653,7245,225654,7325,-1,-80
Bologna,Treviso,OK,168966,5495,168968,5495,-2,0
Bologna,Trieste,OK,308854,9906,308827,10275,27,-369
Bologna,Udine,OK,268768,8789,269093,9229,-325,-440
Bologna,Urbino,OK,173038,7804,173038,7819,0,-15
Bologna,Varese,OK,273251,9014,273252,9097,-1,-83
Bologna,Venezia,OK,154088,4963,153562,4917,526,46
Bologna,Verbania,OK,317600,11034,317605,11117,-5,-83
Bologna,Vercelli,OK,297631,10453,297628,10535,3,-82
Bologna,Verona,OK,143670,4964,143678,5010,-8,-46
Bologna,Vibo Valentia,OK,966846,35316,967371,35337,-525,-21
Bologna,Vicenza,OK,150074,4987,150074,4988,0,-1
Bologna,Villacidro,OK,842416,25835,865392,188255,-22976,-162420
Bologna,Viterbo,OK,320735,11154,320690,11152,45,2
Bolzano - Bozen,Agrigento,OK,1573344,62580,1573866,62604,-522,-24
Bolzano - Bozen,Alessandria,OK,358846,13130,358554,13404,292,-274
Bolzano - Bozen,Ancona,OK,495383,18803,495389,18820,-6,-17
Bolzano - Bozen,Andria,OK,897531,31277,897508,31293,23,-16
Bolzano - Bozen,Aosta,OK,454801,17244,454777,17433,24,-189
Bolzano - Bozen,Arezzo,OK,446122,15000,446070,15001,52,-1
Bolzano - Bozen,Ascoli Piceno,OK,607889,21512,607865,21528,24,-16
Bolzano - Bozen,Asti,OK,394514,14358,394540,14611,-26,-253
Bolzano - Bozen,Avellino,OK,867274,28280,867233,28340,41,-60
Bolzano - Bozen,Bari,OK,948150,33330,948127,33346,23,-16
Bolzano - Bozen,Barletta,OK,896785,31351,896759,31367,26,-16
Bolzano - Bozen,Belluno,OK,112701,6371,112694,6370,7,1
Bolzano - Bozen,Benevento,OK,849919,28163,849866,28163,53,0
Bolzano - Bozen,Bergamo,OK,235889,8749,235896,8937,-7,-188
Bolzano - Bozen,Biella,OK,372311,14124,372290,14310,21,-186
Bolzano - Bozen,Bologna,OK,281763,9333,281764,9336,-1,-3
Bolzano - Bozen,Brescia,OK,191621,6975,191628,7163,-7,-188
Bolzano - Bozen,Brindisi,OK,1062358,37310,1062334,37327,24,-17
Bolzano - Bozen,Cagliari,OK,1083202,33213,1156768,197161,-73566,-163948
Bolzano - Bozen,Caltanissetta,OK,1522875,59443,1523398,59467,-523,-24
Bolzano - Bozen,Campobasso,OK,812265,29064,812241,29080,24,-16
Bolzano - Bozen,Carbonia,OK,1149596,35983,1187063,199116,-37467,-163133
Bolzano - Bozen,Caserta,OK,815776,26485,815724,26486,52,-1
Bolzano - Bozen,Catania,OK,1413592,55092,1414118,55115,-526,-23
Bolzano - Bozen,Catanzaro,OK,1229504,42864,1230029,42888,-525,-24
Bolzano - Bozen,Chieti,OK,656864,23060,656579,23065,285,-5
Bolzano - Bozen,Como,OK,319738,11526,319745,11714,-7,-188
Bolzano - Bozen,Cosenza,OK,1136516,39148,1137039,39172,-523,-24
Bolzano - Bozen,Cremona,OK,232432,8415,232439,8667,-7,-252
Bolzano - Bozen,Crotone,OK,1215008,44106,1215531,44130,-523,-24
Bolzano - Bozen,Cuneo,OK,486537,18939,486552,19191,-15,-252
Bolzano - Bozen,Enna,OK,1497512,58587,1498034,58611,-522,-24
Bolzano - Bozen,Fermo,OK,553176,19826,553153,19842,23,-16
Bolzano - Bozen,Ferrara,OK,251442,10134,252020,10065,-578,69
Bolzano - Bozen,Firenze,OK,375245,13074,375192,13075,53,-1
Bolzano - Bozen,Foggia,OK,827712,28403,827688,28420,24,-17
Bolzano - Bozen,Forlì,OK,352056,12594,352048,12597,8,-3
Bolzano - Bozen,Frosinone,OK,706584,23245,706531,23245,53,0
Bolzano - Bozen,Genova,OK,412662,14871,412669,15121,-7,-250
Bolzano - Bozen,Gorizia,OK,278881,12546,278887,13025,-6,-479
Bolzano - Bozen,Grosseto,OK,508505,18967,508953,18965,-448,2
Bolzano - Bozen,Iglesias,OK,1126904,34941,1160092,198114,-33188,-163173
Bolzano - Bozen,Imperia,OK,511129,19001,511137,19253,-8,-252
Bolzano - Bozen,Isernia,OK,797240,26793,797186,26849,54,-56
Bolzano - Bozen,L'Aquila,OK,733159,23599,733105,23600,54,-1
Bolzano - Bozen,La Spezia,OK,397392,13614,397392,13617,0,-3
Bolzano - Bozen,Lanusei,OK,961449,26855,1046025,193398,-84576,-166543
Bolzano - Bozen,Latina,OK,709173,24126,709120,24109,53,17
Bolzano - Bozen,Lecce,OK,1097731,38712,1097708,38728,23,-16
Bolzano - Bozen,Lecco,OK,268575,10586,268582,10775,-7,-189
Bolzano - Bozen,Livorno,OK,448419,15979,448366,15980,53,-1
Bolzano - Bozen,Lodi,OK,258493,10708,258501,10898,-8,-190
Bolzano - Bozen,Macerata,OK,555799,19706,555778,19723,21,-17
Bolzano - Bozen,Mantova,OK,181634,6146,181634,6149,0,-3
Bolzano - Bozen,Massa,OK,414477,14360,414481,14364,-4,-4
Bolzano - Bozen,Matera,OK,972702,35416,972685,35442,17,-26
Bolzano - Bozen,Messina,OK,1318003,50952,1318529,50976,-526,-24
Bolzano - Bozen,Milano,OK,279349,10396,279355,10584,-6,-188
Bolzano - Bozen,Modena,OK,246349,8254,246349,8257,0,-3
Bolzano - Bozen,Monza,OK,271431,9875,271438,10063,-7,-188
Bolzano - Bozen,Napoli,OK,841574,27216,841521,27217,53,-1
Bolzano - Bozen,Novara,OK,323732,12365,323731,12553,1,-188
Bolzano - Bozen,Nuoro,OK,1034116,30531,986261,190180,47855,-159649
Bolzano - Bozen,Olbia,OK,1102172,33567,884469,185909,217703,-152342
Bolzano - Bozen,Oristano,OK,1115203,34028,1065591,193580,49612,-159552
Bolzano - Bozen,Padova,OK,237071,8100,237071,8065,0,35
Bolzano - Bozen,Palermo,OK,1165053,57939,1542951,60082,-377898,-2143
Bolzano - Bozen,Parma,OK,282243,9648,282243,9650,0,-2
Bolzano - Bozen,Pavia,OK,325711,11820,325718,12072,-7,-252
Bolzano - Bozen,Perugia,OK,522644,17565,522592,17566,52,-1
Bolzano - Bozen,Pesaro,OK,430943,15101,430943,15118,0,-17
Bolzano - Bozen,Piacenza,OK,265770,9721,265777,9969,-7,-248
Bolzano - Bozen,Pisa,OK,440102,15100,440049,15092,53,8
Bolzano - Bozen,Pistoia,OK,383357,12936,383757,12973,-400,-37
Bolzano - Bozen,Pordenone,OK,190222,8954,190215,9227,7,-273
Bolzano - Bozen,Potenza,OK,934693,33955,934670,33972,23,-17
Bolzano - Bozen,Prato,OK,366759,12554,366706,12554,53,0
Bolzano - Bozen,Ragusa,OK,1519453,60429,1519794,60453,-341,-24
Bolzano - Bozen,Ravenna,OK,358407,12386,358406,12389,1,-3
Bolzano - Bozen,Reggio di Calabria,OK,1320195,46329,1320721,46353,-526,-24
Bolzano - Bozen,Rieti,OK,632934,21284,632878,21284,56,0
Bolzano - Bozen,Rimini,OK,398333,13718,398332,13735,1,-17
Bolzano - Bozen,Roma,OK,643643,21555,643590,21556,53,-1
Bolzano - Bozen,Rovigo,OK,241526,9125,242104,9056,-578,69
Bolzano - Bozen,Salerno,OK,883540,28896,883488,28897,52,-1
Bolzano - Bozen,Sanluri,OK,1078863,32576,1112740,195106,-33877,-162530
Bolzano - Bozen,Sassari,OK,1145309,35884,983313,191274,161996,-155390
Bolzano - Bozen,Savona,OK,435750,16021,435765,16274,-15,-253
Bolzano - Bozen,Siena,OK,434995,15442,434941,15443,54,-1
Bolzano - Bozen,Siracusa,OK,1478518,57575,1479044,57599,-526,-24
Bolzano - Bozen,Sondrio,OK,172674,9742,172736,9746,-62,-4
Bolzano - Bozen,Taranto,OK,1032093,36944,1032110,36963,-17,-19
Bolzano - Bozen,Tempio Pausania,OK,1143276,35773,926631,188123,216645,-152350
Bolzano - Bozen,Teramo,OK,622161,21821,622135,21831,26,-10
Bolzano - Bozen,Terni,OK,597184,19269,597132,19269,52,0
Bolzano - Bozen,Torino,OK,411587,15607,411594,15795,-7,-188
Bolzano - Bozen,Tortolì,OK,943403,26013,1043932,193325,-100529,-167312
Bolzano - Bozen,Trani,OK,907776,31760,907753,31776,23,-16
Bolzano - Bozen,Trapani,OK,1265102,61883,1645905,64269,-380803,-2386
Bolzano - Bozen,Trento,OK,59734,2695,59734,2695,0,0
Bolzano - Bozen,Treviso,OK,195683,9164,195675,9163,8,1
Bolzano - Bozen,Trieste,OK,308208,12955,308171,13466,37,-511
Bolzano - Bozen,Udine,OK,239977,11659,246630,11971,-6653,-312
Bolzano - Bozen,Urbino,OK,454499,16590,454499,16607,0,-17
Bolzano - Bozen,Varese,OK,327784,11831,327792,12019,-8,-188
Bolzano - Bozen,Venezia,OK,269303,9140,268777,9058,526,82
Bolzano - Bozen,Verbania,OK,372133,13851,372145,14039,-12,-188
Bolzano - Bozen,Vercelli,OK,354788,13368,354791,13556,-3,-188
Bolzano - Bozen,Verona,OK,154956,5567,154955,5572,1,-5
Bolzano - Bozen,Vibo Valentia,OK,1231109,43433,1231633,43456,-524,-23
Bolzano - Bozen,Vicenza,OK,207404,7110,207641,7073,-237,37
Bolzano - Bozen,Villacidro,OK,1106679,33951,1129654,196375,-22975,-162424
Bolzano - Bozen,Viterbo,OK,584997,19270,584952,19271,45,-1
Brescia,Agrigento,OK,1486784,59758,1487306,60175,-522,-417
Brescia,Alessandria,OK,180833,7073,180533,7159,300,-86
Brescia,Ancona,OK,408824,15980,408829,16392,-5,-412
Brescia,Andria,OK,810971,28454,810948,28864,23,-410
Brescia,Aosta,OK,269679,11106,269649,11106,30,0
Brescia,Arezzo,OK,359562,12177,359510,12572,52,-395
Brescia,Ascoli Piceno,OK,521329,18689,521306,19099,23,-410
Brescia,Asti,OK,216500,8301,216519,8366,-19,-65
Brescia,Avellino,OK,780715,25457,780673,25911,42,-454
Brescia,Bari,OK,861590,30508,861567,30918,23,-410
Brescia,Barletta,OK,810225,28528,810199,28938,26,-410
Brescia,Belluno,OK,273576,8882,273579,9309,-3,-427
Brescia,Benevento,OK,763359,25340,763306,25735,53,-395
Brescia,Bergamo,OK,50768,2611,50768,2611,0,0
Brescia,Biella,OK,187189,7985,187161,7984,28,1
Brescia,Bologna,OK,195204,6511,195204,6908,0,-397
Brescia,Bolzano - Bozen,OK,210324,7330,210326,7709,-2,-379
Brescia,Brindisi,OK,975798,34488,975774,34898,24,-410
Brescia,Cagliari,OK,996642,30390,1070208,194732,-73566,-164342
Brescia,Caltanissetta,OK,1436315,56620,1436838,57038,-523,-418
Brescia,Campobasso,OK,725705,26241,725681,26651,24,-410
Brescia,Carbonia,OK,1063036,33160,1100503,196687,-37467,-163527
Brescia,Caserta,OK,729216,23662,729164,24057,52,-395
Brescia,Catania,OK,1327032,52269,1327559,52687,-527,-418
Brescia,Catanzaro,OK,1142944,40042,1143469,40459,-525,-417
Brescia,Chieti,OK,570304,20237,570019,20636,285,-399
Brescia,Como,OK,134616,5387,134616,5387,0,0
Brescia,Cosenza,OK,1049956,36326,1050480,36743,-524,-417
Brescia,Cremona,OK,54418,2359,54418,2422,0,-63
Brescia,Crotone,OK,1128448,41283,1128972,41701,-524,-418
Brescia,Cuneo,OK,308523,12882,308531,12946,-8,-64
Brescia,Enna,OK,1410952,55765,1411475,56182,-523,-417
Brescia,Fermo,OK,466616,17003,466593,17413,23,-410
Brescia,Ferrara,OK,165261,7194,165293,7583,-32,-389
Brescia,Firenze,OK,288685,10252,288632,10646,53,-394
Brescia,Foggia,OK,741152,25581,741129,25991,23,-410
Brescia,Forlì,OK,265496,9772,265488,10168,8,-396
Brescia,Frosinone,OK,620024,20422,619971,20816,53,-394
Brescia,Genova,OK,234648,8814,234648,8876,0,-62
Brescia,Gorizia,OK,308014,10730,308030,11494,-16,-764
Brescia,Grosseto,OK,421945,16144,422393,16537,-448,-393
Brescia,Iglesias,OK,1040344,32118,1073532,195686,-33188,-163568
Brescia,Imperia,OK,333115,12944,333116,13008,-1,-64
Brescia,Isernia,OK,710680,23971,710626,24421,54,-450
Brescia,L'Aquila,OK,646599,20776,646545,21171,54,-395
Brescia,La Spezia,OK,214786,8372,214786,8436,0,-64
Brescia,Lanusei,OK,874889,24032,959465,190969,-84576,-166937
Brescia,Latina,OK,622613,21304,622560,21680,53,-376
Brescia,Lecce,OK,1011172,35889,1011148,36299,24,-410
Brescia,Lecco,OK,83453,4448,83453,4448,0,0
Brescia,Livorno,OK,290631,11524,290631,11588,0,-64
Brescia,Lodi,OK,71024,4272,71024,4272,0,0
Brescia,Macerata,OK,469239,16884,469219,17294,20,-410
Brescia,Mantova,OK,95074,3324,95074,3720,0,-396
Brescia,Massa,OK,231871,9118,231874,9183,-3,-65
Brescia,Matera,OK,886142,32593,886125,33013,17,-420
Brescia,Messina,OK,1231443,48129,1231969,48547,-526,-418
Brescia,Milano,OK,94227,4257,94226,4257,1,0
Brescia,Modena,OK,159789,5432,159789,5828,0,-396
Brescia,Monza,OK,86309,3736,86309,3736,0,0
Brescia,Napoli,OK,755014,24394,754962,24788,52,-394
Brescia,Novara,OK,138611,6227,138602,6227,9,0
Brescia,Nuoro,OK,947556,27708,899702,187751,47854,-160043
Brescia,Olbia,OK,1015612,30744,797909,183481,217703,-152737
Brescia,Oristano,OK,1028643,31205,979031,191152,49612,-159947
Brescia,Padova,OK,150343,5156,150343,5584,0,-428
Brescia,Palermo,OK,1078493,55116,1456391,57653,-377898,-2537
Brescia,Parma,OK,118190,4478,118190,4542,0,-64
Brescia,Pavia,OK,147698,5763,147698,5827,0,-64
Brescia,Perugia,OK,436084,14742,436032,15137,52,-395
Brescia,Pesaro,OK,344383,12278,344384,12689,-1,-411
Brescia,Piacenza,OK,87757,3664,87757,3724,0,-60
Brescia,Pisa,OK,273405,10916,273405,10980,0,-64
Brescia,Pistoia,OK,296797,10113,297198,10544,-401,-431
Brescia,Pordenone,OK,255035,8130,255038,8831,-3,-701
Brescia,Potenza,OK,848133,31133,848110,31543,23,-410
Brescia,Prato,OK,280199,9731,280146,10126,53,-395
Brescia,Ragusa,OK,1432893,57607,1433234,58024,-341,-417
Brescia,Ravenna,OK,271847,9564,271846,9960,1,-396
Brescia,Reggio di Calabria,OK,1233635,43506,1234161,43924,-526,-418
Brescia,Rieti,OK,546374,18461,546318,18855,56,-394
Brescia,Rimini,OK,311773,10895,311773,11306,0,-411
Brescia,Roma,OK,557083,18733,557030,19127,53,-394
Brescia,Rovigo,OK,155345,6186,155377,6575,-32,-389
Brescia,Salerno,OK,796981,26074,796928,26468,53,-394
Brescia,Sanluri,OK,992304,29753,1026180,192677,-33876,-162924
Brescia,Sassari,OK,1058749,33061,896753,188846,161996,-155785
Brescia,Savona,OK,257736,9964,257744,10029,-8,-65
Brescia,Siena,OK,348435,12619,348381,13014,54,-395
Brescia,Siracusa,OK,1391958,54752,1392485,55170,-527,-418
Brescia,Sondrio,OK,140395,7774,140476,7842,-81,-68
Brescia,Taranto,OK,945533,34121,945550,34534,-17,-413
Brescia,Tempio Pausania,OK,1056716,32950,840071,185694,216645,-152744
Brescia,Teramo,OK,535602,18999,535575,19402,27,-403
Brescia,Terni,OK,510624,16446,510572,16841,52,-395
Brescia,Torino,OK,226465,9469,226465,9469,0,0
Brescia,Tortolì,OK,856843,23190,957372,190897,-100529,-167707
Brescia,Trani,OK,821216,28937,821193,29347,23,-410
Brescia,Trapani,OK,1178542,59061,1559345,61840,-380803,-2779
Brescia,Trento,OK,154277,5131,154279,5510,-2,-379
Brescia,Treviso,OK,197452,6728,197455,7154,-3,-426
Brescia,Trieste,OK,337341,11139,337314,11934,27,-795
Brescia,Udine,OK,297255,10021,297580,10889,-325,-868
Brescia,Urbino,OK,367939,13768,367939,14179,0,-411
Brescia,Varese,OK,142662,5692,142663,5692,-1,0
Brescia,Venezia,OK,182575,6196,182049,6577,526,-381
Brescia,Verbania,OK,187011,7713,187017,7712,-6,1
Brescia,Vercelli,OK,169666,7229,169663,7229,3,0
Brescia,Verona,OK,71924,2701,71931,3136,-7,-435
Brescia,Vibo Valentia,OK,1144549,40610,1145073,41027,-524,-417
Brescia,Vicenza,OK,120676,4166,120913,4592,-237,-426
Brescia,Villacidro,OK,1020119,31128,1043094,193946,-22975,-162818
Brescia,Viterbo,OK,498438,16447,498392,16843,46,-396
Brindisi,Agrigento,OK,701648,35907,701647,35921,1,-14
Brindisi,Alessandria,OK,1029095,36599,1028784,36620,311,-21
Brindisi,Ancona,OK,578045,20547,578045,20548,0,-1
Brindisi,Andria,OK,171332,6738,171332,6738,0,0
Brindisi,Aosta,OK,1177349,42236,1177305,42239,44,-3
Brindisi,Arezzo,OK,758357,26879,758371,26887,-14,-8
Brindisi,Ascoli Piceno,OK,513348,18337,513348,18337,0,0
Brindisi,Asti,OK,1064763,37827,1064770,37827,-7,0
Brindisi,Avellino,OK,323377,13289,323377,13289,0,0
Brindisi,Bari,OK,115376,4456,115376,4456,0,0
Brindisi,Barletta,OK,174592,6736,174592,6737,0,-1
Brindisi,Belluno,OK,1020474,35333,1020464,35332,10,1
Brindisi,Benevento,OK,315031,12689,315031,12689,0,0
Brindisi,Bergamo,OK,1020095,36309,1037137,36370,-17042,-61
Brindisi,Biella,OK,1094859,39116,1094818,39116,41,0
Brindisi,Bologna,OK,780833,28357,780821,28356,12,1
Brindisi,Bolzano - Bozen,OK,1061404,37350,1061392,37350,12,0
Brindisi,Brescia,OK,975826,34535,975814,34750,12,-215
Brindisi,Cagliari,OK,1087125,34467,1160750,198421,-73625,-163954
Brindisi,Caltanissetta,OK,651179,32769,651178,32783,1,-14
Brindisi,Campobasso,OK,332827,14300,332829,14301,-2,-1
Brindisi,Carbonia,OK,1153519,37237,1191045,200376,-37526,-163139
Brindisi,Caserta,OK,377463,14968,377476,14976,-13,-8
Brindisi,Catania,OK,541896,28418,541899,28432,-3,-14
Brindisi,Catanzaro,OK,357808,16191,357809,16204,-1,-13
Brindisi,Chieti,OK,423293,15601,431746,15691,-8453,-90
Brindisi,Como,OK,1044909,36616,1044896,36618,13,-2
Brindisi,Cosenza,OK,264820,12475,264820,12489,0,-14
Brindisi,Cremona,OK,960954,34067,960942,34067,12,0
Brindisi,Crotone,OK,306148,15074,306148,15088,0,-14
Brindisi,Cuneo,OK,1156786,42407,1156782,42408,4,-1
Brindisi,Enna,OK,625816,31914,625815,31928,1,-14
Brindisi,Fermo,OK,525123,18556,525122,18556,1,0
Brindisi,Ferrara,OK,822238,29661,822225,29661,13,0
Brindisi,Firenze,OK,814181,28521,814521,28529,-340,-8
Brindisi,Foggia,OK,246484,9693,246484,9693,0,0
Brindisi,Forlì,OK,724539,26275,724527,26274,12,1
Brindisi,Frosinone,OK,487035,17969,487048,17977,-13,-8
Brindisi,Genova,OK,1048595,36979,1048608,36985,-13,-6
Brindisi,Gorizia,OK,1054911,37180,1054915,37517,-4,-337
Brindisi,Grosseto,OK,743192,27932,743205,27940,-13,-8
Brindisi,Iglesias,OK,1130827,36195,1164074,199374,-33247,-163179
Brindisi,Imperia,OK,1165211,41560,1165225,41568,-14,-8
Brindisi,Isernia,OK,419295,17028,419295,17028,0,0
Brindisi,L'Aquila,OK,524653,19038,507451,18929,17202,109
Brindisi,La Spezia,OK,962224,33445,962237,33453,-13,-8
Brindisi,Lanusei,OK,965372,28109,1050007,194658,-84635,-166549
Brindisi,Latina,OK,533711,20589,533724,20600,-13,-11
Brindisi,Lecce,OK,38621,1856,38621,1856,0,0
Brindisi,Lecco,OK,1044490,36843,1044478,36845,12,-2
Brindisi,Livorno,OK,903573,32202,903586,32210,-13,-8
Brindisi,Lodi,OK,968367,34053,968354,34052,13,1
Brindisi,Macerata,OK,561536,20144,561539,20144,-3,0
Brindisi,Mantova,OK,891046,31851,891034,31850,12,1
Brindisi,Massa,OK,934195,32372,934212,32381,-17,-9
Brindisi,Matera,OK,137106,6712,137104,6733,2,-21
Brindisi,Messina,OK,446307,24279,446309,24292,-2,-13
Brindisi,Milano,OK,992726,34847,992713,34849,13,-2
Brindisi,Modena,OK,824811,30274,824804,30273,7,1
Brindisi,Monza,OK,1004914,35246,1004902,35247,12,-1
Brindisi,Napoli,OK,375301,14858,375315,14866,-14,-8
Brindisi,Novara,OK,1046280,37357,1046258,37359,22,-2
Brindisi,Nuoro,OK,1038039,31785,990244,191440,47795,-159655
Brindisi,Olbia,OK,1106095,34821,888451,187169,217644,-152348
Brindisi,Oristano,OK,1119126,35282,1069573,194840,49553,-159558
Brindisi,Padova,OK,893170,31718,893156,31717,14,1
Brindisi,Palermo,OK,670729,33382,670732,33399,-3,-17
Brindisi,Parma,OK,877453,31953,877442,31952,11,1
Brindisi,Pavia,OK,981600,35199,981608,35200,-8,-1
Brindisi,Perugia,OK,680110,25445,680110,25449,0,-4
Brindisi,Pesaro,OK,641283,22985,641271,22985,12,0
Brindisi,Piacenza,OK,931927,32981,931915,32977,12,4
Brindisi,Pisa,OK,894693,31729,894707,31737,-14,-8
Brindisi,Pistoia,OK,853034,29618,853501,29662,-467,-44
Brindisi,Pordenone,OK,1001932,34581,1001923,34854,9,-273
Brindisi,Potenza,OK,218185,10292,218185,10305,0,-13
Brindisi,Prato,OK,836436,29236,836450,29244,-14,-8
Brindisi,Ragusa,OK,647757,33756,647574,33770,183,-14
Brindisi,Ravenna,OK,730015,26413,730003,26375,12,38
Brindisi,Reggio di Calabria,OK,448499,19656,448501,19669,-2,-13
Brindisi,Rieti,OK,584147,21143,584147,21138,0,5
Brindisi,Rimini,OK,671717,24021,671705,24021,12,0
Brindisi,Roma,OK,563415,20906,563428,20914,-13,-8
Brindisi,Rovigo,OK,855118,30336,855122,30337,-4,-1
Brindisi,Salerno,OK,353666,14452,353666,14452,0,0
Brindisi,Sanluri,OK,1082787,33829,1116722,196366,-33935,-162537
Brindisi,Sassari,OK,1149233,37138,987295,192534,161938,-155396
Brindisi,Savona,OK,1089832,38581,1089853,38589,-21,-8
Brindisi,Siena,OK,787955,28041,787969,28049,-14,-8
Brindisi,Siracusa,OK,606822,30902,606825,30915,-3,-13
Brindisi,Sondrio,OK,1124049,40517,1124103,40598,-54,-81
Brindisi,Taranto,OK,71046,3299,71046,3312,0,-13
Brindisi,Tempio Pausania,OK,1147200,37026,930613,189383,216587,-152357
Brindisi,Teramo,OK,481939,17406,481936,17399,3,7
Brindisi,Terni,OK,618613,22928,618614,22923,-1,5
Brindisi,Torino,OK,1111760,39827,1111748,39826,12,1
Brindisi,Tortolì,OK,947326,27267,1047914,194585,-100588,-167318
Brindisi,Trani,OK,162494,6202,162494,6202,0,0
Brindisi,Trapani,OK,773683,37569,773686,37585,-3,-16
Brindisi,Trento,OK,1005357,35152,1005345,35152,12,0
Brindisi,Treviso,OK,944350,33178,944340,33178,10,0
Brindisi,Trieste,OK,1084238,37589,1084199,37957,39,-368
Brindisi,Udine,OK,1044152,36472,1044465,36912,-313,-440
Brindisi,Urbino,OK,667564,24060,667552,24059,12,1
Brindisi,Varese,OK,1052956,36921,1052943,36923,13,-2
Brindisi,Venezia,OK,929472,32646,928934,32600,538,46
Brindisi,Verbania,OK,1097304,38941,1097297,38943,7,-2
Brindisi,Vercelli,OK,1077336,38360,1077319,38362,17,-2
Brindisi,Verona,OK,923375,32871,923370,32836,5,35
Brindisi,Vibo Valentia,OK,359413,16759,359414,16773,-1,-14
Brindisi,Vicenza,OK,925458,32670,925446,32671,12,-1
Brindisi,Villacidro,OK,1110602,35205,1133636,197635,-23034,-162430
Brindisi,Viterbo,OK,647914,24133,647927,24141,-13,-8
Cagliari,Agrigento,OK,546985,50712,1543314,219655,-996329,-168943
Cagliari,Alessandria,OK,1049518,31909,1120094,196144,-70576,-164235
Cagliari,Ancona,OK,839012,24145,909995,187882,-70983,-163737
Cagliari,Andria,OK,891945,27401,963667,191185,-71722,-163784
Cagliari,Aosta,OK,1197771,37547,1268615,201763,-70844,-164216
Cagliari,Arezzo,OK,656591,19113,727543,182848,-70952,-163735
Cagliari,Ascoli Piceno,OK,737590,21023,808572,184759,-70982,-163736
Cagliari,Asti,OK,1085186,33137,1156080,197351,-70894,-164214
Cagliari,Avellino,OK,765717,21596,836680,185391,-70963,-163795
Cagliari,Bari,OK,942564,29454,1014286,193239,-71722,-163785
Cagliari,Barletta,OK,891199,27475,962918,191260,-71719,-163785
Cagliari,Belluno,OK,1059796,31503,1130674,195618,-70878,-164115
Cagliari,Benevento,OK,748362,21479,819313,185214,-70951,-163735
Cagliari,Bergamo,OK,1040517,31620,1128447,195894,-87930,-164274
Cagliari,Biella,OK,1115281,34427,1186128,198640,-70847,-164213
Cagliari,Bologna,OK,816729,24408,887605,188523,-70876,-164115
Cagliari,Bolzano - Bozen,OK,1081826,32661,1152702,196874,-70876,-164213
Cagliari,Brescia,OK,996249,29846,1067124,194274,-70875,-164428
Cagliari,Brindisi,OK,1056772,33435,1128493,197219,-71721,-163784
Cagliari,Caltanissetta,OK,548950,49156,1492845,216517,-943895,-167361
Cagliari,Campobasso,OK,744765,22807,815716,186597,-70951,-163790
Cagliari,Carbonia,OK,80919,3938,80856,3936,63,2
Cagliari,Caserta,OK,714219,19801,785171,183536,-70952,-163735
Cagliari,Catania,OK,1312035,48408,1383566,212166,-71531,-163758
Cagliari,Catanzaro,OK,1127947,36181,1199476,199938,-71529,-163757
Cagliari,Chieti,OK,728717,20196,796292,183941,-67575,-163745
Cagliari,Como,OK,1065332,31927,1136206,196142,-70874,-164215
Cagliari,Cosenza,OK,1034959,32465,1106487,196222,-71528,-163757
Cagliari,Cremona,OK,981377,29378,1052252,193591,-70875,-164213
Cagliari,Crotone,OK,1113451,37422,1184979,201180,-71528,-163758
Cagliari,Cuneo,OK,1086938,34812,1157897,198547,-70959,-163735
Cagliari,Enna,OK,550414,49448,1467482,215662,-917068,-166214
Cagliari,Fermo,OK,786090,22154,857072,185890,-70982,-163736
Cagliari,Ferrara,OK,861559,25831,932435,189946,-70876,-164115
Cagliari,Firenze,OK,712415,20755,783693,184489,-71278,-163734
Cagliari,Foggia,OK,909852,25850,980824,189586,-70972,-163736
Cagliari,Forlì,OK,789572,25404,860524,189139,-70952,-163735
Cagliari,Frosinone,OK,605027,16561,675978,180296,-70951,-163735
Cagliari,Genova,OK,946829,29213,1017780,192946,-70951,-163733
Cagliari,Gorizia,OK,1094233,33351,1165125,197803,-70892,-164452
Cagliari,Grosseto,OK,555037,16846,625989,180580,-70952,-163734
Cagliari,Iglesias,OK,58227,2896,58184,2897,43,-1
Cagliari,Imperia,OK,1063445,33794,1134397,197529,-70952,-163735
Cagliari,Isernia,OK,695683,20110,766633,183900,-70950,-163790
Cagliari,L'Aquila,OK,645812,17443,716762,181177,-70950,-163734
Cagliari,La Spezia,OK,860457,25679,931409,189414,-70952,-163735
Cagliari,Lanusei,OK,136802,6534,136747,6534,55,0
Cagliari,Latina,OK,576549,16276,647500,180011,-70951,-163735
Cagliari,Lecce,OK,1092145,34836,1163867,198620,-71722,-163784
Cagliari,Lecco,OK,1064913,32154,1135788,196369,-70875,-164215
Cagliari,Livorno,OK,690936,22845,761888,186580,-70952,-163735
Cagliari,Lodi,OK,988789,29364,1059664,193577,-70875,-164213
Cagliari,Macerata,OK,700236,23317,771189,187042,-70953,-163725
Cagliari,Mantova,OK,911469,27161,982344,191374,-70875,-164213
Cagliari,Massa,OK,832429,24606,903384,188342,-70955,-163736
Cagliari,Matera,OK,939184,31176,1010883,194974,-71699,-163798
Cagliari,Messina,OK,1216446,44268,1287976,208026,-71530,-163758
Cagliari,Milano,OK,1013149,30158,1084023,194373,-70874,-164215
Cagliari,Modena,OK,845233,25584,916114,189797,-70881,-164213
Cagliari,Monza,OK,1025337,30556,1096212,194771,-70875,-164215
Cagliari,Napoli,OK,740017,20533,810969,184267,-70952,-163734
Cagliari,Novara,OK,1066703,32668,1137568,196883,-70865,-164215
Cagliari,Nuoro,OK,179785,7496,179731,7495,54,1
Cagliari,Olbia,OK,272439,11373,272387,11372,52,1
Cagliari,Oristano,OK,93813,3883,93758,3883,55,0
Cagliari,Padova,OK,932492,27888,1003365,192003,-70873,-164115
Cagliari,Palermo,OK,423879,43865,1512398,217133,-1088519,-173268
Cagliari,Parma,OK,897876,27264,968752,191476,-70876,-164212
Cagliari,Pavia,OK,1002023,30510,1072918,194724,-70895,-164214
Cagliari,Perugia,OK,626683,18885,697634,182620,-70951,-163735
Cagliari,Pesaro,OK,751375,25326,822321,189061,-70946,-163735
Cagliari,Piacenza,OK,952350,28292,1023225,192501,-70875,-164209
Cagliari,Pisa,OK,704805,23761,775756,187496,-70951,-163735
Cagliari,Pistoia,OK,751268,21852,822673,185623,-71405,-163771
Cagliari,Pordenone,OK,1041254,30751,1112132,195140,-70878,-164389
Cagliari,Potenza,OK,894349,27328,965302,191063,-70953,-163735
Cagliari,Prato,OK,734670,21470,805622,185205,-70952,-163735
Cagliari,Ragusa,OK,1417896,53746,1489241,217504,-71345,-163758
Cagliari,Ravenna,OK,803915,25919,874867,189616,-70952,-163697
Cagliari,Reggio di Calabria,OK,1218638,39645,1290168,203403,-71530,-163758
Cagliari,Rieti,OK,595424,17237,666375,180972,-70951,-163735
Cagliari,Rimini,OK,776225,25715,847218,189451,-70993,-163736
Cagliari,Roma,OK,517345,14191,588258,177922,-70913,-163731
Cagliari,Rovigo,OK,894440,26507,965332,190622,-70892,-164115
Cagliari,Salerno,OK,781984,22213,852936,185947,-70952,-163734
Cagliari,Sanluri,OK,48475,2355,48420,2355,55,0
Cagliari,Sassari,OK,214287,8945,212684,8890,1603,55
Cagliari,Savona,OK,988066,30815,1059025,194550,-70959,-163735
Cagliari,Siena,OK,686189,20275,757141,184010,-70952,-163735
Cagliari,Siracusa,OK,1376961,50891,1448492,214649,-71531,-163758
Cagliari,Sondrio,OK,1144471,35828,1215413,200122,-70942,-164294
Cagliari,Taranto,OK,1026507,33068,1098269,196855,-71762,-163787
Cagliari,Tempio Pausania,OK,248955,11009,248908,11009,47,0
Cagliari,Teramo,OK,703456,19043,774438,182779,-70982,-163736
Cagliari,Terni,OK,557741,16255,628694,179990,-70953,-163735
Cagliari,Torino,OK,1132183,35138,1203058,199350,-70875,-164212
Cagliari,Tortolì,OK,141682,7246,141615,7245,67,1
Cagliari,Trani,OK,902190,27884,973912,191668,-71722,-163784
Cagliari,Trapani,OK,523929,47810,1615352,221319,-1091423,-173509
Cagliari,Trento,OK,1025780,30463,1096655,194676,-70875,-164213
Cagliari,Treviso,OK,983672,29349,1054550,193463,-70878,-164114
Cagliari,Trieste,OK,1123560,33760,1194409,198243,-70849,-164483
Cagliari,Udine,OK,1083474,32642,1154674,197197,-71200,-164555
Cagliari,Urbino,OK,716547,24156,787493,187903,-70946,-163747
Cagliari,Varese,OK,1073378,32232,1144253,196447,-70875,-164215
Cagliari,Venezia,OK,968794,28817,1039144,192885,-70350,-164068
Cagliari,Verbania,OK,1117727,34252,1188607,198467,-70880,-164215
Cagliari,Vercelli,OK,1097758,33671,1168629,197886,-70871,-164215
Cagliari,Verona,OK,943797,28181,1014680,192360,-70883,-164179
Cagliari,Vibo Valentia,OK,1129552,36749,1201080,200507,-71528,-163758
Cagliari,Vicenza,OK,964780,28840,1035655,192957,-70875,-164117
Cagliari,Villacidro,OK,47982,2665,48751,2727,-769,-62
Cagliari,Viterbo,OK,503075,14090,574026,177825,-70951,-163735
Caltanissetta,Agrigento,OK,56087,3509,56088,3510,-1,-1
Caltanissetta,Alessandria,OK,1505378,59549,1505073,60052,305,-503
Caltanissetta,Ancona,OK,1071541,48396,1071613,48399,-72,-3
Caltanissetta,Andria,OK,711754,35519,711689,35515,65,4
Caltanissetta,Aosta,OK,1653632,65186,1653594,65670,38,-484
Caltanissetta,Arezzo,OK,1112451,46753,1112522,46756,-71,-3
Caltanissetta,Ascoli Piceno,OK,1019131,45424,1019203,45424,-72,0
Caltanissetta,Asti,OK,1541046,60777,1541059,61258,-13,-481
Caltanissetta,Avellino,OK,692310,33189,692380,33192,-70,-3
Caltanissetta,Bari,OK,666914,33688,666849,33684,65,4
Caltanissetta,Barletta,OK,717239,35650,717174,35646,65,4
Caltanissetta,Belluno,OK,1515656,59142,1515653,59525,3,-383
Caltanissetta,Benevento,OK,728101,34614,728171,34617,-70,-3
Caltanissetta,Bergamo,OK,1496378,59259,1513426,59801,-17048,-542
Caltanissetta,Biella,OK,1571142,62066,1571107,62548,35,-482
Caltanissetta,Bologna,OK,1272589,52048,1272584,52430,5,-382
Caltanissetta,Bolzano - Bozen,OK,1537687,60300,1537681,60782,6,-482
Caltanissetta,Brescia,OK,1452109,57485,1452103,58182,6,-697
Caltanissetta,Brindisi,OK,666869,33741,666869,33754,0,-13
Caltanissetta,Cagliari,OK,552002,49228,1514901,218289,-962899,-169061
Caltanissetta,Campobasso,OK,791771,38153,791841,38156,-70,-3
Caltanissetta,Carbonia,OK,630092,52877,1545196,220245,-915104,-167368
Caltanissetta,Caserta,OK,731557,34841,731627,34844,-70,-3
Caltanissetta,Catania,OK,123604,5523,123605,5523,-1,0
Caltanissetta,Catanzaro,OK,378647,20720,378647,20720,0,0
Caltanissetta,Chieti,OK,916789,43449,925314,43542,-8525,-93
Caltanissetta,Como,OK,1521192,59566,1521185,60049,7,-483
Caltanissetta,Cosenza,OK,406897,21849,406897,21849,0,0
Caltanissetta,Cremona,OK,1437237,57017,1437231,57498,6,-481
Caltanissetta,Crotone,OK,445463,24433,445462,24433,1,0
Caltanissetta,Cuneo,OK,1542799,62451,1542876,62454,-77,-3
Caltanissetta,Enna,OK,32583,2564,32583,2564,0,0
Caltanissetta,Fermo,OK,1018619,46404,1018690,46407,-71,-3
Caltanissetta,Ferrara,OK,1317420,53471,1317414,53854,6,-383
Caltanissetta,Firenze,OK,1168275,48394,1168672,48397,-397,-3
Caltanissetta,Foggia,OK,727676,36551,727747,36554,-71,-3
Caltanissetta,Forlì,OK,1245433,53043,1245503,53046,-70,-3
Caltanissetta,Frosinone,OK,841129,37843,841199,37845,-70,-2
Caltanissetta,Genova,OK,1402689,56852,1402759,56853,-70,-1
Caltanissetta,Gorizia,OK,1550094,60990,1550104,61710,-10,-720
Caltanissetta,Grosseto,OK,1097286,47805,1097356,47808,-70,-3
Caltanissetta,Iglesias,OK,607399,51835,1518225,219243,-910826,-167408
Caltanissetta,Imperia,OK,1519306,61434,1519376,61436,-70,-2
Caltanissetta,Isernia,OK,804241,37775,804312,37877,-71,-102
Caltanissetta,L'Aquila,OK,927354,41844,927393,41842,-39,2
Caltanissetta,La Spezia,OK,1316318,53318,1316388,53321,-70,-3
Caltanissetta,Lanusei,OK,1319466,47982,1404158,214526,-84692,-166544
Caltanissetta,Latina,OK,887805,40462,887875,40468,-70,-6
Caltanissetta,Lecce,OK,703022,35177,703022,35190,0,-13
Caltanissetta,Lecco,OK,1520773,59793,1520767,60276,6,-483
Caltanissetta,Livorno,OK,1257667,52075,1257737,52078,-70,-3
Caltanissetta,Lodi,OK,1444650,57003,1444643,57484,7,-481
Caltanissetta,Macerata,OK,1055033,47992,1055107,47996,-74,-4
Caltanissetta,Mantova,OK,1367329,54801,1367323,55282,6,-481
Caltanissetta,Massa,OK,1288289,52246,1288363,52249,-74,-3
Caltanissetta,Matera,OK,601454,31430,601431,31444,23,-14
Caltanissetta,Messina,OK,219612,9375,217298,9374,2314,1
Caltanissetta,Milano,OK,1469009,57797,1469002,58281,7,-484
Caltanissetta,Modena,OK,1301094,53224,1301093,53705,1,-481
Caltanissetta,Monza,OK,1481197,58196,1481191,58679,6,-483
Caltanissetta,Napoli,OK,715849,34168,715919,34171,-70,-3
Caltanissetta,Novara,OK,1522563,60307,1522547,60791,16,-484
Caltanissetta,Nuoro,OK,1392133,51658,1344395,211308,47738,-159650
Caltanissetta,Olbia,OK,1460189,54694,1242602,207038,217587,-152344
Caltanissetta,Oristano,OK,644099,52896,1423724,214709,-779625,-161813
Caltanissetta,Padova,OK,1388352,55528,1388344,55910,8,-382
Caltanissetta,Palermo,OK,133081,5814,133081,5814,0,0
Caltanissetta,Parma,OK,1353736,54903,1353731,55384,5,-481
Caltanissetta,Pavia,OK,1457883,58149,1457897,58631,-14,-482
Caltanissetta,Perugia,OK,1066484,46266,1066553,46269,-69,-3
Caltanissetta,Pesaro,OK,1134779,50833,1134839,50836,-60,-3
Caltanissetta,Piacenza,OK,1408210,55931,1408204,56408,6,-477
Caltanissetta,Pisa,OK,1248787,51603,1248858,51605,-71,-2
Caltanissetta,Pistoia,OK,1207128,49491,1207652,49531,-524,-40
Caltanissetta,Pordenone,OK,1497115,58391,1497111,59047,4,-656
Caltanissetta,Potenza,OK,621528,31050,621600,31053,-72,-3
Caltanissetta,Prato,OK,1190530,49109,1190601,49112,-71,-3
Caltanissetta,Ragusa,OK,123802,7428,123647,7592,155,-164
Caltanissetta,Ravenna,OK,1259775,53558,1259845,53523,-70,35
Caltanissetta,Reggio di Calabria,OK,244043,15047,244044,15047,-1,0
Caltanissetta,Rieti,OK,987196,43318,987267,43315,-71,3
Caltanissetta,Rimini,OK,1165213,51870,1165273,51872,-60,-2
Caltanissetta,Roma,OK,917509,40780,917579,40783,-70,-3
Caltanissetta,Rovigo,OK,1350300,54146,1350310,54530,-10,-384
Caltanissetta,Salerno,OK,661897,31934,661968,31937,-71,-3
Caltanissetta,Sanluri,OK,598761,51369,1470873,216234,-872112,-164865
Caltanissetta,Sassari,OK,1503327,57011,1341446,212403,161881,-155392
Caltanissetta,Savona,OK,1443926,58454,1444004,58457,-78,-3
Caltanissetta,Siena,OK,1142050,47915,1142120,47918,-70,-3
Caltanissetta,Siracusa,OK,173536,7571,173537,7571,-1,0
Caltanissetta,Sondrio,OK,1600332,63467,1600392,64030,-60,-563
Caltanissetta,Taranto,OK,603176,31134,603176,31134,0,0
Caltanissetta,Tempio Pausania,OK,1501294,56900,1284764,209252,216530,-152352
Caltanissetta,Teramo,OK,984997,43444,985069,43444,-72,0
Caltanissetta,Terni,OK,997542,43636,997613,43639,-71,-3
Caltanissetta,Torino,OK,1588043,62777,1588037,63258,6,-481
Caltanissetta,Tortolì,OK,1301420,47140,1402065,214454,-100645,-167314
Caltanissetta,Trani,OK,704069,35144,704004,35141,65,3
Caltanissetta,Trapani,OK,236035,10001,236035,10001,0,0
Caltanissetta,Trento,OK,1481640,58102,1481634,58583,6,-481
Caltanissetta,Treviso,OK,1439532,56988,1439529,57371,3,-383
Caltanissetta,Trieste,OK,1579420,61399,1579388,62150,32,-751
Caltanissetta,Udine,OK,1539334,60281,1539653,61105,-319,-824
Caltanissetta,Urbino,OK,1156347,51537,1156412,51553,-65,-16
Caltanissetta,Varese,OK,1529239,59871,1529232,60354,7,-483
Caltanissetta,Venezia,OK,1424655,56456,1424123,56793,532,-337
Caltanissetta,Verbania,OK,1573587,61891,1573586,62374,1,-483
Caltanissetta,Vercelli,OK,1553619,61310,1553608,61793,11,-483
Caltanissetta,Verona,OK,1399658,55821,1399659,56267,-1,-446
Caltanissetta,Vibo Valentia,OK,316042,18433,316043,18433,-1,0
Caltanissetta,Vicenza,OK,1420640,56480,1420634,56864,6,-384
Caltanissetta,Villacidro,OK,597154,51604,1487787,217503,-890633,-165899
Caltanissetta,Viterbo,OK,1002008,44006,1002079,44009,-71,-3
Campobasso,Agrigento,OK,823992,40939,825338,41012,-1346,-73
Campobasso,Alessandria,OK,777009,27865,776359,27819,650,46
Campobasso,Ancona,OK,325958,11813,325620,11746,338,67
Campobasso,Andria,OK,167848,8246,167850,8246,-2,0
Campobasso,Aosta,OK,925262,33502,924880,33437,382,65
Campobasso,Arezzo,OK,420457,16049,420458,16104,-1,-55
Campobasso,Ascoli Piceno,OK,261261,9603,260923,9535,338,68
Campobasso,Asti,OK,812676,29093,812345,29025,331,68
Campobasso,Avellino,OK,97630,5973,97630,5973,0,0
Campobasso,Bari,OK,218467,10299,218469,10300,-2,-1
Campobasso,Barletta,OK,162662,8197,162661,8197,1,0
Campobasso,Belluno,OK,768387,26599,768039,26531,348,68
Campobasso,Benevento,OK,68124,4073,68124,4073,0,0
Campobasso,Bergamo,OK,768008,27575,784712,27568,-16704,7
Campobasso,Biella,OK,842772,30382,842393,30315,379,67
Campobasso,Bologna,OK,528747,19623,528396,19555,351,68
Campobasso,Bolzano - Bozen,OK,809317,28616,808967,28548,350,68
Campobasso,Brescia,OK,723739,25801,723389,25949,350,-148
Campobasso,Brindisi,OK,332675,14279,332676,14280,-1,-1
Campobasso,Cagliari,OK,749225,23636,822837,187638,-73612,-164002
Campobasso,Caltanissetta,OK,773523,37801,774869,37874,-1346,-73
Campobasso,Carbonia,OK,815619,26406,853132,189593,-37513,-163187
Campobasso,Caserta,OK,107727,6474,107727,6474,0,0
Campobasso,Catania,OK,664240,33450,665590,33523,-1350,-73
Campobasso,Catanzaro,OK,480153,21223,481500,21295,-1347,-72
Campobasso,Chieti,OK,171206,6867,179321,6889,-8115,-22
Campobasso,Como,OK,792823,27882,792471,27816,352,66
Campobasso,Cosenza,OK,387164,17507,388511,17580,-1347,-73
Campobasso,Cremona,OK,708867,25333,708517,25265,350,68
Campobasso,Crotone,OK,465656,22464,467003,22537,-1347,-73
Campobasso,Cuneo,OK,850804,31747,850812,31803,-8,-56
Campobasso,Enna,OK,748160,36946,749506,37019,-1346,-73
Campobasso,Fermo,OK,273036,9822,272697,9754,339,68
Campobasso,Ferrara,OK,570151,20927,569800,20859,351,68
Campobasso,Firenze,OK,476281,17691,476608,17745,-327,-54
Campobasso,Foggia,OK,87977,4842,87979,4843,-2,-1
Campobasso,Forlì,OK,472452,17541,472102,17473,350,68
Campobasso,Frosinone,OK,149135,7139,149135,7194,0,-55
Campobasso,Genova,OK,710695,26149,710695,26202,0,-53
Campobasso,Gorizia,OK,802825,28446,802490,28715,335,-269
Campobasso,Grosseto,OK,405291,17101,405292,17156,-1,-55
Campobasso,Iglesias,OK,792927,25364,826161,188591,-33234,-163227
Campobasso,Imperia,OK,827311,30730,827312,30785,-1,-55
Campobasso,Isernia,OK,52250,3149,52250,3149,0,0
Campobasso,L'Aquila,OK,272566,10304,255026,10127,17540,177
Campobasso,La Spezia,OK,624324,22614,624324,22670,0,-56
Campobasso,Lanusei,OK,627472,17278,712094,183875,-84622,-166597
Campobasso,Latina,OK,195811,9758,195811,9817,0,-59
Campobasso,Lecce,OK,368048,15681,368050,15681,-2,0
Campobasso,Lecco,OK,792404,28109,792053,28043,351,66
Campobasso,Livorno,OK,565673,21372,565673,21427,0,-55
Campobasso,Lodi,OK,716280,25319,715929,25251,351,68
Campobasso,Macerata,OK,309450,11410,309113,11343,337,67
Campobasso,Mantova,OK,638959,23117,638609,23049,350,68
Campobasso,Massa,OK,596295,21542,596299,21597,-4,-55
Campobasso,Matera,OK,243019,12385,243027,12395,-8,-10
Campobasso,Messina,OK,568651,29310,570001,29383,-1350,-73
Campobasso,Milano,OK,740639,26113,740287,26048,352,65
Campobasso,Modena,OK,572724,21540,572379,21472,345,68
Campobasso,Monza,OK,752828,26512,752477,26446,351,66
Campobasso,Napoli,OK,133553,7413,133553,7413,0,0
Campobasso,Novara,OK,794194,28623,793833,28558,361,65
Campobasso,Nuoro,OK,700139,20954,652331,180657,47808,-159703
Campobasso,Olbia,OK,768195,23990,550538,176386,217657,-152396
Campobasso,Oristano,OK,781226,24451,731660,184057,49566,-159606
Campobasso,Padova,OK,641083,22984,640730,22916,353,68
Campobasso,Palermo,OK,457031,38135,794423,38490,-337392,-355
Campobasso,Parma,OK,625367,23219,625016,23151,351,68
Campobasso,Pavia,OK,729513,26465,729183,26398,330,67
Campobasso,Perugia,OK,374490,15563,374489,15618,1,-55
Campobasso,Pesaro,OK,389196,14251,388846,14183,350,68
Campobasso,Piacenza,OK,679841,24247,679490,24175,351,72
Campobasso,Pisa,OK,556793,20899,556794,20954,-1,-55
Campobasso,Pistoia,OK,515134,18788,515588,18879,-454,-91
Campobasso,Pordenone,OK,749846,25847,749498,26053,348,-206
Campobasso,Potenza,OK,194070,10274,194072,10274,-2,0
Campobasso,Prato,OK,498536,18406,498537,18461,-1,-55
Campobasso,Ragusa,OK,770101,38788,771265,38861,-1164,-73
Campobasso,Ravenna,OK,477928,17679,477578,17574,350,105
Campobasso,Reggio di Calabria,OK,570843,24687,572192,24760,-1349,-73
Campobasso,Rieti,OK,332060,12409,331722,12336,338,73
Campobasso,Rimini,OK,419630,15287,419280,15219,350,68
Campobasso,Roma,OK,225515,10076,225515,10131,0,-55
Campobasso,Rovigo,OK,603032,21602,602697,21535,335,67
Campobasso,Salerno,OK,134189,7255,134960,7304,-771,-49
Campobasso,Sanluri,OK,744887,22999,778809,185582,-33922,-162583
Campobasso,Sassari,OK,811333,26307,649382,181751,161951,-155444
Campobasso,Savona,OK,751932,27750,751941,27806,-9,-56
Campobasso,Siena,OK,450055,17211,450056,17266,-1,-55
Campobasso,Siracusa,OK,729166,35933,730516,36006,-1350,-73
Campobasso,Sondrio,OK,871962,31783,871677,31797,285,-14
Campobasso,Taranto,OK,302410,13913,302452,13916,-42,-3
Campobasso,Tempio Pausania,OK,809300,26196,592700,178600,216600,-152404
Campobasso,Teramo,OK,229853,8672,229511,8598,342,74
Campobasso,Terni,OK,305548,12932,305549,12988,-1,-56
Campobasso,Torino,OK,859674,31093,859323,31025,351,68
Campobasso,Tortolì,OK,609426,16436,710001,183802,-100575,-167366
Campobasso,Trani,OK,174670,8711,174672,8711,-2,0
Campobasso,Trapani,OK,557080,42080,897377,42676,-340297,-596
Campobasso,Trento,OK,753270,26418,752920,26350,350,68
Campobasso,Treviso,OK,692263,24444,691915,24376,348,68
Campobasso,Trieste,OK,832151,28855,831774,29156,377,-301
Campobasso,Udine,OK,792065,27738,792040,28110,25,-372
Campobasso,Urbino,OK,415477,15326,415127,15258,350,68
Campobasso,Varese,OK,800869,28187,800518,28121,351,66
Campobasso,Venezia,OK,677386,23912,676509,23798,877,114
Campobasso,Verbania,OK,845218,30207,844872,30141,346,66
Campobasso,Vercelli,OK,825249,29626,824894,29560,355,66
Campobasso,Verona,OK,671288,24137,670944,24034,344,103
Campobasso,Vibo Valentia,OK,481757,21791,483105,21864,-1348,-73
Campobasso,Vicenza,OK,673371,23936,673021,23869,350,67
Campobasso,Villacidro,OK,772702,24374,795723,186851,-23021,-162477
Campobasso,Viterbo,OK,310014,13302,310015,13358,-1,-56
Carbonia,Agrigento,OK,624543,54355,1578534,221462,-953991,-167107
Carbonia,Alessandria,OK,1114456,34646,1155315,197952,-40859,-163306
Carbonia,Ancona,OK,903950,26882,945215,189689,-41265,-162807
Carbonia,Andria,OK,956882,30137,998888,192993,-42006,-162856
Carbonia,Aosta,OK,1262709,40284,1303836,203570,-41127,-163286
Carbonia,Arezzo,OK,721528,21850,762764,184656,-41236,-162806
Carbonia,Ascoli Piceno,OK,802527,23759,843792,186567,-41265,-162808
Carbonia,Asti,OK,1150123,35874,1191301,199158,-41178,-163284
Carbonia,Avellino,OK,830655,24333,871901,187198,-41246,-162865
Carbonia,Bari,OK,1007502,32191,1049507,195046,-42005,-162855
Carbonia,Barletta,OK,956137,30211,998139,193067,-42002,-162856
Carbonia,Belluno,OK,1124733,34240,1165894,197425,-41161,-163185
Carbonia,Benevento,OK,813299,24216,854534,187021,-41235,-162805
Carbonia,Bergamo,OK,1105455,34357,1163668,197701,-58213,-163344
Carbonia,Biella,OK,1180219,37163,1221349,200448,-41130,-163285
Carbonia,Bologna,OK,881666,27145,922825,190330,-41159,-163185
Carbonia,Bolzano - Bozen,OK,1146764,35398,1187923,198681,-41159,-163283
Carbonia,Brescia,OK,1061186,32582,1102345,196082,-41159,-163500
Carbonia,Brindisi,OK,1121709,36171,1163714,199026,-42005,-162855
Carbonia,Cagliari,OK,80617,3932,80618,3933,-1,-1
Carbonia,Caltanissetta,OK,626508,52799,1528066,218324,-901558,-165525
Carbonia,Campobasso,OK,809703,25543,850937,188404,-41234,-162861
Carbonia,Caserta,OK,779157,22538,820392,185343,-41235,-162805
Carbonia,Catania,OK,1376973,51145,1418786,213973,-41813,-162828
Carbonia,Catanzaro,OK,1192885,38917,1234697,201746,-41812,-162829
Carbonia,Chieti,OK,793655,22932,831512,185749,-37857,-162817
Carbonia,Como,OK,1130270,34663,1171427,197949,-41157,-163286
Carbonia,Cosenza,OK,1099897,35201,1141707,198030,-41810,-162829
Carbonia,Cremona,OK,1046314,32115,1087473,195398,-41159,-163283
Carbonia,Crotone,OK,1178389,40159,1220199,202987,-41810,-162828
Carbonia,Cuneo,OK,1151876,37548,1193118,200354,-41242,-162806
Carbonia,Enna,OK,627972,53091,1502702,217469,-874730,-164378
Carbonia,Fermo,OK,851028,24890,892293,187698,-41265,-162808
Carbonia,Ferrara,OK,926497,28568,967655,191754,-41158,-163186
Carbonia,Firenze,OK,777353,23492,818914,186297,-41561,-162805
Carbonia,Foggia,OK,974789,28586,1016045,191393,-41256,-162807
Carbonia,Forlì,OK,854510,28141,895744,190946,-41234,-162805
Carbonia,Frosinone,OK,669964,19298,711199,182103,-41235,-162805
Carbonia,Genova,OK,1011767,31950,1053001,194753,-41234,-162803
Carbonia,Gorizia,OK,1159171,36087,1200345,199610,-41174,-163523
Carbonia,Grosseto,OK,619974,19582,661209,182388,-41235,-162806
Carbonia,Iglesias,OK,24362,1326,24363,1326,-1,0
Carbonia,Imperia,OK,1128383,36531,1169618,199336,-41235,-162805
Carbonia,Isernia,OK,760620,22846,801854,185707,-41234,-162861
Carbonia,L'Aquila,OK,710750,20179,751982,182985,-41232,-162806
Carbonia,La Spezia,OK,925395,28416,966630,191221,-41235,-162805
Carbonia,Lanusei,OK,201740,9271,201740,9271,0,0
Carbonia,Latina,OK,641486,19013,682721,181818,-41235,-162805
Carbonia,Lecce,OK,1157083,37572,1199087,200428,-42004,-162856
Carbonia,Lecco,OK,1129851,34890,1171009,198176,-41158,-163286
Carbonia,Livorno,OK,755874,25582,797108,188388,-41234,-162806
Carbonia,Lodi,OK,1053727,32100,1094885,195384,-41158,-163284
Carbonia,Macerata,OK,765174,26053,806410,188849,-41236,-162796
Carbonia,Mantova,OK,976406,29898,1017565,193182,-41159,-163284
Carbonia,Massa,OK,897366,27343,938605,190149,-41239,-162806
Carbonia,Matera,OK,1004121,33913,1046104,196782,-41983,-162869
Carbonia,Messina,OK,1281383,47005,1323197,209833,-41814,-162828
Carbonia,Milano,OK,1078086,32895,1119243,196181,-41157,-163286
Carbonia,Modena,OK,910171,28321,951335,191605,-41164,-163284
Carbonia,Monza,OK,1090274,33293,1131432,196579,-41158,-163286
Carbonia,Napoli,OK,804955,23269,846189,186075,-41234,-162806
Carbonia,Novara,OK,1131640,35405,1172789,198691,-41149,-163286
Carbonia,Nuoro,OK,214921,9297,214951,9303,-30,-6
Carbonia,Olbia,OK,307575,13174,307608,13180,-33,-6
Carbonia,Oristano,OK,128948,5684,128979,5690,-31,-6
Carbonia,Padova,OK,997429,30625,1038586,193810,-41157,-163185
Carbonia,Palermo,OK,501438,47508,1547619,218940,-1046181,-171432
Carbonia,Parma,OK,962814,30000,1003972,193284,-41158,-163284
Carbonia,Pavia,OK,1066960,33246,1108139,196531,-41179,-163285
Carbonia,Perugia,OK,691621,21622,732854,184427,-41233,-162805
Carbonia,Pesaro,OK,816313,28062,857542,190868,-41229,-162806
Carbonia,Piacenza,OK,1017287,31028,1058446,194308,-41159,-163280
Carbonia,Pisa,OK,769742,26498,810977,189304,-41235,-162806
Carbonia,Pistoia,OK,816206,24589,857894,187431,-41688,-162842
Carbonia,Pordenone,OK,1106192,33488,1147353,196947,-41161,-163459
Carbonia,Potenza,OK,959286,30064,1000522,192870,-41236,-162806
Carbonia,Prato,OK,799608,24207,840842,187012,-41234,-162805
Carbonia,Ragusa,OK,1482833,56482,1524462,219311,-41629,-162829
Carbonia,Ravenna,OK,868853,28655,910087,191423,-41234,-162768
Carbonia,Reggio di Calabria,OK,1283575,42382,1325389,205211,-41814,-162829
Carbonia,Rieti,OK,660361,19973,701596,182779,-41235,-162806
Carbonia,Rimini,OK,841163,28451,882438,191258,-41275,-162807
Carbonia,Roma,OK,582283,16927,623479,179729,-41196,-162802
Carbonia,Rovigo,OK,959378,29243,1000552,192429,-41174,-163186
Carbonia,Salerno,OK,846921,24949,888156,187755,-41235,-162806
Carbonia,Sanluri,OK,83610,4157,83641,4162,-31,-5
Carbonia,Sassari,OK,249422,10746,247904,10697,1518,49
Carbonia,Savona,OK,1053004,33551,1094246,196357,-41242,-162806
Carbonia,Siena,OK,751127,23012,792361,185817,-41234,-162805
Carbonia,Siracusa,OK,1441899,53628,1483712,216457,-41813,-162829
Carbonia,Sondrio,OK,1209409,38565,1250633,201930,-41224,-163365
Carbonia,Taranto,OK,1091444,35804,1133490,198662,-42046,-162858
Carbonia,Tempio Pausania,OK,284090,12810,284128,12816,-38,-6
Carbonia,Teramo,OK,768393,21779,809659,184586,-41266,-162807
Carbonia,Terni,OK,622679,18992,663914,181797,-41235,-162805
Carbonia,Torino,OK,1197121,37874,1238279,201158,-41158,-163284
Carbonia,Tortolì,OK,206619,9983,206608,9981,11,2
Carbonia,Trani,OK,967127,30620,1009133,193476,-42006,-162856
Carbonia,Trapani,OK,601487,51453,1650573,223127,-1049086,-171674
Carbonia,Trento,OK,1090717,33199,1131876,196483,-41159,-163284
Carbonia,Treviso,OK,1048609,32085,1089770,195271,-41161,-163186
Carbonia,Trieste,OK,1188498,36496,1229629,200050,-41131,-163554
Carbonia,Udine,OK,1148412,35379,1189895,199005,-41483,-163626
Carbonia,Urbino,OK,781484,26893,822713,189711,-41229,-162818
Carbonia,Varese,OK,1138316,34968,1179474,198254,-41158,-163286
Carbonia,Venezia,OK,1033732,31553,1074364,194693,-40632,-163140
Carbonia,Verbania,OK,1182665,36989,1223827,200274,-41162,-163285
Carbonia,Vercelli,OK,1162696,36407,1203850,199693,-41154,-163286
Carbonia,Verona,OK,1008735,30918,1049900,194167,-41165,-163249
Carbonia,Vibo Valentia,OK,1194489,39485,1236301,202314,-41812,-162829
Carbonia,Vicenza,OK,1029717,31577,1070876,194764,-41159,-163187
Carbonia,Villacidro,OK,69907,3696,70724,3756,-817,-60
Carbonia,Viterbo,OK,568012,16827,609247,179632,-41235,-162805
Caserta,Agrigento,OK,766524,37050,767099,37073,-575,-23
Caserta,Alessandria,OK,782362,25551,781987,26051,375,-500
Caserta,Ancona,OK,397538,14549,397539,14546,-1,3
Caserta,Andria,OK,212912,8926,195420,8967,17492,-41
Caserta,Aosta,OK,930615,31188,930508,31669,107,-481
Caserta,Arezzo,OK,389435,12754,389436,12755,-1,-1
Caserta,Ascoli Piceno,OK,296115,11426,296116,11423,-1,3
Caserta,Asti,OK,818030,26778,817972,27257,58,-479
Caserta,Avellino,OK,60454,2749,60465,2809,-11,-60
Caserta,Bari,OK,263531,10979,246040,11021,17491,-42
Caserta,Barletta,OK,212167,9000,194672,9041,17495,-41
Caserta,Belluno,OK,792640,25144,792566,25524,74,-380
Caserta,Benevento,OK,51499,3029,51500,3029,-1,0
Caserta,Bergamo,OK,773361,25261,790339,25800,-16978,-539
Caserta,Biella,OK,848125,28068,848020,28547,105,-479
Caserta,Bologna,OK,549573,18049,549497,18429,76,-380
Caserta,Bolzano - Bozen,OK,814670,26302,814595,26781,75,-479
Caserta,Brescia,OK,729093,23487,729017,24181,76,-694
Caserta,Brindisi,OK,377739,14959,360246,15001,17493,-42
Caserta,Cagliari,OK,718203,20342,791814,184288,-73611,-163946
Caserta,Caltanissetta,OK,716054,33912,716630,33935,-576,-23
Caserta,Campobasso,OK,106879,6198,106879,6198,0,0
Caserta,Carbonia,OK,784597,23112,822110,186244,-37513,-163132
Caserta,Catania,OK,606772,29561,607351,29584,-579,-23
Caserta,Catanzaro,OK,422684,17333,423261,17357,-577,-24
Caserta,Chieti,OK,252434,9670,249037,9679,3397,-9
Caserta,Como,OK,798176,25568,798099,26048,77,-480
Caserta,Cosenza,OK,329696,13618,330272,13641,-576,-23
Caserta,Cremona,OK,714221,23019,714145,23497,76,-478
Caserta,Crotone,OK,408187,18575,408764,18598,-577,-23
Caserta,Cuneo,OK,819782,28453,819789,28453,-7,0
Caserta,Enna,OK,690691,33057,691267,33080,-576,-23
Caserta,Fermo,OK,344615,12557,344617,12554,-2,3
Caserta,Ferrara,OK,594403,19472,594327,19853,76,-381
Caserta,Firenze,OK,445259,14396,445586,14396,-327,0
Caserta,Foggia,OK,178640,7576,161148,7618,17492,-42
Caserta,Forlì,OK,522416,19045,522416,19045,0,0
Caserta,Frosinone,OK,118112,3844,118113,3844,-1,0
Caserta,Genova,OK,679673,22854,679673,22852,0,2
Caserta,Gorizia,OK,827077,26992,827017,27709,60,-717
Caserta,Grosseto,OK,374269,13807,374270,13807,-1,0
Caserta,Iglesias,OK,761905,22070,795139,185242,-33234,-163172
Caserta,Imperia,OK,796289,27436,796290,27435,-1,1
Caserta,Isernia,OK,81225,3777,81225,3876,0,-99
Caserta,L'Aquila,OK,204337,7846,204306,7841,31,5
Caserta,La Spezia,OK,593301,19320,593301,19320,0,0
Caserta,Lanusei,OK,596450,13984,681072,180525,-84622,-166541
Caserta,Latina,OK,164788,6464,164788,6467,0,-3
Caserta,Lecce,OK,413113,16361,395620,16402,17493,-41
Caserta,Lecco,OK,797757,25795,797680,26275,77,-480
Caserta,Livorno,OK,534651,18077,534651,18077,0,0
Caserta,Lodi,OK,721633,23005,721557,23483,76,-478
Caserta,Macerata,OK,381029,14145,381033,14142,-4,3
Caserta,Mantova,OK,644313,20803,644237,21281,76,-478
Caserta,Massa,OK,565273,18247,565276,18248,-3,-1
Caserta,Matera,OK,260151,12701,242637,12756,17514,-55
Caserta,Messina,OK,511182,25421,511761,25444,-579,-23
Caserta,Milano,OK,745993,23799,745915,24280,78,-481
Caserta,Modena,OK,578077,19226,578007,19704,70,-478
Caserta,Monza,OK,758181,24197,758104,24678,77,-481
Caserta,Napoli,OK,34754,1686,34754,1686,0,0
Caserta,Novara,OK,799547,26309,799461,26790,86,-481
Caserta,Nuoro,OK,669117,17660,621308,177307,47809,-159647
Caserta,Olbia,OK,737173,20696,519516,173037,217657,-152341
Caserta,Oristano,OK,750204,21157,700638,180708,49566,-159551
Caserta,Padova,OK,665336,21529,665258,21909,78,-380
Caserta,Palermo,OK,358232,32408,736183,34551,-377951,-2143
Caserta,Parma,OK,630720,20905,630644,21383,76,-478
Caserta,Pavia,OK,734866,24151,734811,24630,55,-479
Caserta,Perugia,OK,343467,12268,343467,12268,0,0
Caserta,Pesaro,OK,460776,16986,460766,16983,10,3
Caserta,Piacenza,OK,685194,21933,685118,22407,76,-474
Caserta,Pisa,OK,525771,17604,525771,17604,0,0
Caserta,Pistoia,OK,484112,15493,484565,15530,-453,-37
Caserta,Pordenone,OK,774098,24392,774025,25046,73,-654
Caserta,Potenza,OK,189085,8481,189087,8481,-2,0
Caserta,Prato,OK,467514,15111,467514,15111,0,0
Caserta,Ragusa,OK,712632,34898,713026,34922,-394,-24
Caserta,Ravenna,OK,536759,19560,536759,19522,0,38
Caserta,Reggio di Calabria,OK,513374,20798,513953,20821,-579,-23
Caserta,Rieti,OK,264180,9320,264180,9314,0,6
Caserta,Rimini,OK,491209,18023,491199,18019,10,4
Caserta,Roma,OK,194492,6782,194492,6782,0,0
Caserta,Rovigo,OK,627284,20148,627224,20529,60,-381
Caserta,Salerno,OK,76720,3366,76721,3366,-1,0
Caserta,Sanluri,OK,713865,19705,747787,182233,-33922,-162528
Caserta,Sassari,OK,780310,23013,618360,178402,161950,-155389
Caserta,Savona,OK,720910,24456,720918,24456,-8,0
Caserta,Siena,OK,419033,13917,419033,13917,0,0
Caserta,Siracusa,OK,671698,32044,672277,32067,-579,-23
Caserta,Sondrio,OK,877315,29469,877305,30029,10,-560
Caserta,Taranto,OK,347474,14592,330023,14637,17451,-45
Caserta,Tempio Pausania,OK,778277,22902,561677,175251,216600,-152349
Caserta,Teramo,OK,261981,9446,261983,9443,-2,3
Caserta,Terni,OK,274526,9638,274527,9638,-1,0
Caserta,Torino,OK,865027,28779,864951,29257,76,-478
Caserta,Tortolì,OK,578404,13142,678979,180453,-100575,-167311
Caserta,Trani,OK,223157,9409,205665,9450,17492,-41
Caserta,Trapani,OK,458281,36353,839137,38738,-380856,-2385
Caserta,Trento,OK,758624,24104,758548,24582,76,-478
Caserta,Treviso,OK,716516,22990,716442,23370,74,-380
Caserta,Trieste,OK,856404,27401,856301,28149,103,-748
Caserta,Udine,OK,816318,26283,816567,27104,-249,-821
Caserta,Urbino,OK,433331,17539,433326,17552,5,-13
Caserta,Varese,OK,806222,25873,806146,26353,76,-480
Caserta,Venezia,OK,701638,22458,701036,22792,602,-334
Caserta,Verbania,OK,850571,27893,850499,28373,72,-480
Caserta,Vercelli,OK,830602,27312,830522,27792,80,-480
Caserta,Verona,OK,676641,21823,676572,22266,69,-443
Caserta,Vibo Valentia,OK,424288,17902,424866,17925,-578,-23
Caserta,Vicenza,OK,697624,22481,697548,22863,76,-382
Caserta,Villacidro,OK,741680,21080,764701,183502,-23021,-162422
Caserta,Viterbo,OK,278992,10008,278992,10008,0,0
Catania,Agrigento,OK,160995,7977,160991,7977,4,0
Catania,Alessandria,OK,1382699,54431,1382944,54947,-245,-516
Catania,Ancona,OK,948862,43278,949484,43294,-622,-16
Catania,Andria,OK,589075,30401,589560,30410,-485,-9
Catania,Aosta,OK,1530953,60069,1531465,60565,-512,-496
Catania,Arezzo,OK,989772,41635,990393,41651,-621,-16
Catania,Ascoli Piceno,OK,896452,40307,897074,40319,-622,-12
Catania,Asti,OK,1418367,55659,1418930,56153,-563,-494
Catania,Avellino,OK,569631,28072,570251,28087,-620,-15
Catania,Bari,OK,544235,28571,544720,28579,-485,-8
Catania,Barletta,OK,594560,30533,595045,30541,-485,-8
Catania,Belluno,OK,1392977,54025,1393524,54420,-547,-395
Catania,Benevento,OK,605422,29497,606042,29512,-620,-15
Catania,Bergamo,OK,1373699,54142,1391297,54696,-17598,-554
Catania,Biella,OK,1448463,56948,1448978,57443,-515,-495
Catania,Bologna,OK,1149910,46930,1150455,47325,-545,-395
Catania,Bolzano - Bozen,OK,1415008,55183,1415552,55676,-544,-493
Catania,Brescia,OK,1329430,52368,1329974,53077,-544,-709
Catania,Brindisi,OK,544190,28623,544740,28649,-550,-26
Catania,Cagliari,OK,1318540,49222,1392772,213184,-74232,-163962
Catania,Caltanissetta,OK,110525,4839,110522,4839,3,0
Catania,Campobasso,OK,669092,33036,669712,33051,-620,-15
Catania,Carbonia,OK,1384935,51992,1423067,215139,-38132,-163147
Catania,Caserta,OK,608878,29724,609498,29739,-620,-15
Catania,Catanzaro,OK,255968,15602,256518,15615,-550,-13
Catania,Chieti,OK,794110,38332,803185,38437,-9075,-105
Catania,Como,OK,1398513,54448,1399056,54944,-543,-496
Catania,Cosenza,OK,284218,16732,284768,16744,-550,-12
Catania,Cremona,OK,1314558,51900,1315102,52393,-544,-493
Catania,Crotone,OK,322784,19315,323333,19328,-549,-13
Catania,Cuneo,OK,1420120,57333,1420747,57349,-627,-16
Catania,Enna,OK,85162,3984,85159,3984,3,0
Catania,Fermo,OK,895940,41287,896561,41302,-621,-15
Catania,Ferrara,OK,1194741,48353,1195285,48749,-544,-396
Catania,Firenze,OK,1045596,43277,1046543,43292,-947,-15
Catania,Foggia,OK,604997,31433,605618,31449,-621,-16
Catania,Forlì,OK,1122754,47926,1123374,47941,-620,-15
Catania,Frosinone,OK,718450,32725,719070,32740,-620,-15
Catania,Genova,OK,1280010,51735,1280630,51748,-620,-13
Catania,Gorizia,OK,1427415,55873,1427974,56605,-559,-732
Catania,Grosseto,OK,974607,42687,975227,42703,-620,-16
Catania,Iglesias,OK,1362242,50951,1396096,214138,-33854,-163187
Catania,Imperia,OK,1396627,56316,1397247,56331,-620,-15
Catania,Isernia,OK,681562,32657,682183,32772,-621,-115
Catania,L'Aquila,OK,804675,36727,805264,36737,-589,-10
Catania,La Spezia,OK,1193639,48201,1194259,48216,-620,-15
Catania,Lanusei,OK,1196787,42865,1282029,209421,-85242,-166556
Catania,Latina,OK,765126,35345,765746,35363,-620,-18
Catania,Lecce,OK,580343,30059,580893,30085,-550,-26
Catania,Lecco,OK,1398094,54676,1398638,55171,-544,-495
Catania,Livorno,OK,1134988,46958,1135608,46973,-620,-15
Catania,Lodi,OK,1321971,51886,1322514,52379,-543,-493
Catania,Macerata,OK,932354,42875,932978,42891,-624,-16
Catania,Mantova,OK,1244650,49683,1245194,50177,-544,-494
Catania,Massa,OK,1165610,47128,1166234,47144,-624,-16
Catania,Matera,OK,478775,26313,479302,26339,-527,-26
Catania,Messina,OK,96933,4257,95168,4269,1765,-12
Catania,Milano,OK,1346330,52680,1346873,53176,-543,-496
Catania,Modena,OK,1178415,48106,1178964,48600,-549,-494
Catania,Monza,OK,1358518,53078,1359062,53574,-544,-496
Catania,Napoli,OK,593170,29051,593790,29066,-620,-15
Catania,Novara,OK,1399884,55190,1400418,55686,-534,-496
Catania,Nuoro,OK,1269454,46540,1222265,206203,47189,-159663
Catania,Olbia,OK,1337510,49577,1120473,201933,217037,-152356
Catania,Oristano,OK,1350541,50038,1301595,209604,48946,-159566
Catania,Padova,OK,1265673,50410,1266215,50805,-542,-395
Catania,Palermo,OK,209219,8609,209216,8609,3,0
Catania,Parma,OK,1231057,49786,1231601,50279,-544,-493
Catania,Pavia,OK,1335204,53032,1335768,53526,-564,-494
Catania,Perugia,OK,943805,41149,944424,41164,-619,-15
Catania,Pesaro,OK,1012100,45716,1012710,45731,-610,-15
Catania,Piacenza,OK,1285531,50813,1286075,51303,-544,-490
Catania,Pisa,OK,1126108,46485,1126728,46500,-620,-15
Catania,Pistoia,OK,1084449,44374,1085523,44426,-1074,-52
Catania,Pordenone,OK,1374436,53273,1374982,53942,-546,-669
Catania,Potenza,OK,498849,25933,499470,25948,-621,-15
Catania,Prato,OK,1067851,43992,1068471,44007,-620,-15
Catania,Ragusa,OK,106242,5759,106057,5770,185,-11
Catania,Ravenna,OK,1137096,48440,1137716,48418,-620,22
Catania,Reggio di Calabria,OK,121364,9929,121915,9942,-551,-13
Catania,Rieti,OK,864517,38201,865138,38210,-621,-9
Catania,Rimini,OK,1042534,46753,1043144,46767,-610,-14
Catania,Roma,OK,794830,35662,795450,35677,-620,-15
Catania,Rovigo,OK,1227621,49028,1228181,49424,-560,-396
Catania,Salerno,OK,539218,26817,539838,26832,-620,-15
Catania,Sanluri,OK,1314202,48585,1348744,211129,-34542,-162544
Catania,Sassari,OK,1380648,51894,1219317,207298,161331,-155404
Catania,Savona,OK,1321247,53337,1321875,53352,-628,-15
Catania,Siena,OK,1019371,42797,1019991,42812,-620,-15
Catania,Siracusa,OK,65308,2905,65308,2916,0,-11
Catania,Sondrio,OK,1477653,58350,1478262,58925,-609,-575
Catania,Taranto,OK,480497,26017,481047,26029,-550,-12
Catania,Tempio Pausania,OK,1378615,51782,1162635,204146,215980,-152364
Catania,Teramo,OK,862318,38327,862940,38339,-622,-12
Catania,Terni,OK,874863,38519,875484,38534,-621,-15
Catania,Torino,OK,1465364,57659,1465908,58153,-544,-494
Catania,Tortolì,OK,1178741,42022,1279936,209349,-101195,-167327
Catania,Trani,OK,581390,30027,581875,30036,-485,-9
Catania,Trapani,OK,312173,12796,312170,12796,3,0
Catania,Trento,OK,1358961,52985,1359505,53478,-544,-493
Catania,Treviso,OK,1316853,51870,1317400,52266,-547,-396
Catania,Trieste,OK,1456741,56281,1457258,57045,-517,-764
Catania,Udine,OK,1416655,55164,1417524,56000,-869,-836
Catania,Urbino,OK,1033668,46420,1034283,46447,-615,-27
Catania,Varese,OK,1406560,54753,1407103,55249,-543,-496
Catania,Venezia,OK,1301976,51339,1301994,51688,-18,-349
Catania,Verbania,OK,1450908,56774,1451457,57269,-549,-495
Catania,Vercelli,OK,1430940,56192,1431479,56688,-539,-496
Catania,Verona,OK,1276979,50703,1277530,51162,-551,-459
Catania,Vibo Valentia,OK,193363,13315,193914,13328,-551,-13
Catania,Vicenza,OK,1297961,51362,1298505,51759,-544,-397
Catania,Villacidro,OK,1342018,49961,1365658,212398,-23640,-162437
Catania,Viterbo,OK,879329,38889,879949,38904,-620,-15
Catanzaro,Agrigento,OK,412767,23291,412764,23291,3,0
Catanzaro,Alessandria,OK,1194664,41998,1194359,42501,305,-503
Catanzaro,Ancona,OK,760827,30845,760898,30848,-71,-3
Catanzaro,Andria,OK,401040,17968,400974,17964,66,4
Catanzaro,Aosta,OK,1342918,47635,1342880,48120,38,-485
Catanzaro,Arezzo,OK,801737,29202,801808,29205,-71,-3
Catanzaro,Ascoli Piceno,OK,708417,27873,708488,27873,-71,0
Catanzaro,Asti,OK,1230332,43226,1230345,43708,-13,-482
Catanzaro,Avellino,OK,381596,15638,381665,15641,-69,-3
Catanzaro,Bari,OK,356200,16137,356134,16134,66,3
Catanzaro,Barletta,OK,406525,18099,406460,18095,65,4
Catanzaro,Belluno,OK,1204942,41592,1204938,41974,4,-382
Catanzaro,Benevento,OK,417387,17063,417456,17066,-69,-3
Catanzaro,Bergamo,OK,1185664,41708,1202711,42250,-17047,-542
Catanzaro,Biella,OK,1260428,44515,1260392,44997,36,-482
Catanzaro,Bologna,OK,961875,34497,961869,34879,6,-382
Catanzaro,Bolzano - Bozen,OK,1226973,42750,1226967,43231,6,-481
Catanzaro,Brescia,OK,1141395,39934,1141389,40631,6,-697
Catanzaro,Brindisi,OK,356155,16190,356155,16203,0,-13
Catanzaro,Cagliari,OK,1130505,36789,1204186,200738,-73681,-163949
Catanzaro,Caltanissetta,OK,362297,20153,362296,20153,1,0
Catanzaro,Campobasso,OK,481057,20602,481127,20605,-70,-3
Catanzaro,Carbonia,OK,1196899,39559,1234482,202694,-37583,-163135
Catanzaro,Caserta,OK,420843,17290,420912,17293,-69,-3
Catanzaro,Catania,OK,253015,15802,253017,15802,-2,0
Catanzaro,Chieti,OK,606075,25898,614600,25991,-8525,-93
Catanzaro,Como,OK,1210478,42015,1210471,42498,7,-483
Catanzaro,Cosenza,OK,96183,4298,96182,4298,1,0
Catanzaro,Cremona,OK,1126523,39466,1126517,39947,6,-481
Catanzaro,Crotone,OK,71233,4174,71233,4174,0,0
Catanzaro,Cuneo,OK,1232085,44900,1232162,44903,-77,-3
Catanzaro,Enna,OK,336934,19298,336933,19298,1,0
Catanzaro,Fermo,OK,707905,28853,707976,28857,-71,-4
Catanzaro,Ferrara,OK,1006706,35920,1006699,36303,7,-383
Catanzaro,Firenze,OK,857561,30843,857958,30846,-397,-3
Catanzaro,Foggia,OK,416962,19000,417033,19003,-71,-3
Catanzaro,Forlì,OK,934719,35492,934788,35495,-69,-3
Catanzaro,Frosinone,OK,530415,20292,530485,20294,-70,-2
Catanzaro,Genova,OK,1091975,39302,1092045,39302,-70,0
Catanzaro,Gorizia,OK,1239379,43439,1239389,44159,-10,-720
Catanzaro,Grosseto,OK,786572,30254,786642,30257,-70,-3
Catanzaro,Iglesias,OK,1174207,38517,1207511,201692,-33304,-163175
Catanzaro,Imperia,OK,1208591,43883,1208662,43886,-71,-3
Catanzaro,Isernia,OK,493527,20224,493598,20326,-71,-102
Catanzaro,L'Aquila,OK,616640,24293,616678,24291,-38,2
Catanzaro,La Spezia,OK,1005604,35767,1005673,35770,-69,-3
Catanzaro,Lanusei,OK,1008752,30431,1093444,196975,-84692,-166544
Catanzaro,Latina,OK,577091,22911,577160,22917,-69,-6
Catanzaro,Lecce,OK,392308,17626,392307,17639,1,-13
Catanzaro,Lecco,OK,1210059,42242,1210053,42726,6,-484
Catanzaro,Livorno,OK,946953,34524,947023,34527,-70,-3
Catanzaro,Lodi,OK,1133936,39452,1133929,39933,7,-481
Catanzaro,Macerata,OK,744318,30441,744392,30445,-74,-4
Catanzaro,Mantova,OK,1056615,37250,1056609,37731,6,-481
Catanzaro,Massa,OK,977575,34695,977649,34698,-74,-3
Catanzaro,Matera,OK,290740,13879,290717,13893,23,-14
Catanzaro,Messina,OK,157425,11662,157427,11662,-2,0
Catanzaro,Milano,OK,1158295,40246,1158287,40730,8,-484
Catanzaro,Modena,OK,990380,35673,990379,36154,1,-481
Catanzaro,Monza,OK,1170483,40645,1170476,41128,7,-483
Catanzaro,Napoli,OK,405135,16617,405205,16620,-70,-3
Catanzaro,Novara,OK,1211849,42756,1211833,43240,16,-484
Catanzaro,Nuoro,OK,1081419,34107,1033680,193757,47739,-159650
Catanzaro,Olbia,OK,1149475,37143,931888,189487,217587,-152344
Catanzaro,Oristano,OK,1162506,37604,1113010,197158,49496,-159554
Catanzaro,Padova,OK,1077638,37977,1077630,38360,8,-383
Catanzaro,Palermo,OK,381847,20766,381849,20769,-2,-3
Catanzaro,Parma,OK,1043022,37352,1043016,37833,6,-481
Catanzaro,Pavia,OK,1147169,40598,1147183,41080,-14,-482
Catanzaro,Perugia,OK,755770,28716,755839,28718,-69,-2
Catanzaro,Pesaro,OK,824065,33282,824125,33285,-60,-3
Catanzaro,Piacenza,OK,1097496,38380,1097490,38858,6,-478
Catanzaro,Pisa,OK,938073,34052,938143,34055,-70,-3
Catanzaro,Pistoia,OK,896414,31941,896938,31980,-524,-39
Catanzaro,Pordenone,OK,1186401,40840,1186397,41497,4,-657
Catanzaro,Potenza,OK,310814,13499,310885,13503,-71,-4
Catanzaro,Prato,OK,879816,31558,879886,31561,-70,-3
Catanzaro,Ragusa,OK,358875,21139,358692,21140,183,-1
Catanzaro,Ravenna,OK,949061,36007,949131,35972,-70,35
Catanzaro,Reggio di Calabria,OK,159617,7039,159619,7039,-2,0
Catanzaro,Rieti,OK,676482,25767,676552,25764,-70,3
Catanzaro,Rimini,OK,854499,34319,854558,34321,-59,-2
Catanzaro,Roma,OK,606795,23229,606865,23232,-70,-3
Catanzaro,Rovigo,OK,1039586,36595,1039596,36979,-10,-384
Catanzaro,Salerno,OK,351183,14383,351253,14386,-70,-3
Catanzaro,Sanluri,OK,1126167,36152,1160159,198683,-33992,-162531
Catanzaro,Sassari,OK,1192613,39460,1030732,194852,161881,-155392
Catanzaro,Savona,OK,1133212,40903,1133290,40907,-78,-4
Catanzaro,Siena,OK,831336,30364,831405,30367,-69,-3
Catanzaro,Siracusa,OK,317941,18285,317943,18285,-2,0
Catanzaro,Sondrio,OK,1289617,45916,1289677,46479,-60,-563
Catanzaro,Taranto,OK,292462,13583,292462,13583,0,0
Catanzaro,Tempio Pausania,OK,1190580,39349,974049,191701,216531,-152352
Catanzaro,Teramo,OK,674283,25893,674355,25893,-72,0
Catanzaro,Terni,OK,686828,26085,686899,26088,-71,-3
Catanzaro,Torino,OK,1277329,45226,1277323,45707,6,-481
Catanzaro,Tortolì,OK,990706,29589,1091351,196903,-100645,-167314
Catanzaro,Trani,OK,393355,17594,393290,17590,65,4
Catanzaro,Trapani,OK,484801,24953,484803,24955,-2,-2
Catanzaro,Trento,OK,1170926,40551,1170920,41032,6,-481
Catanzaro,Treviso,OK,1128818,39437,1128814,39820,4,-383
Catanzaro,Trieste,OK,1268706,43848,1268673,44599,33,-751
Catanzaro,Udine,OK,1228620,42731,1228939,43554,-319,-823
Catanzaro,Urbino,OK,845633,33986,845698,34002,-65,-16
Catanzaro,Varese,OK,1218525,42320,1218518,42803,7,-483
Catanzaro,Venezia,OK,1113941,38905,1113408,39242,533,-337
Catanzaro,Verbania,OK,1262873,44340,1262871,44824,2,-484
Catanzaro,Vercelli,OK,1242905,43759,1242894,44242,11,-483
Catanzaro,Verona,OK,1088944,38270,1088944,38716,0,-446
Catanzaro,Vibo Valentia,OK,69008,3704,69008,3704,0,0
Catanzaro,Vicenza,OK,1109926,38929,1109920,39313,6,-384
Catanzaro,Villacidro,OK,1153983,37527,1177073,199952,-23090,-162425
Catanzaro,Viterbo,OK,691294,26455,691364,26458,-70,-3
Chieti,Agrigento,OK,950900,45122,951452,45256,-552,-134
Chieti,Alessandria,OK,622733,22348,622399,22391,334,-43
Chieti,Ancona,OK,171683,6297,171660,6318,23,-21
Chieti,Andria,OK,257758,9230,257735,9251,23,-21
Chieti,Aosta,OK,770986,27986,770920,28009,66,-23
Chieti,Arezzo,OK,388717,12541,386380,12558,2337,-17
Chieti,Ascoli Piceno,OK,106986,4086,106963,4107,23,-21
Chieti,Asti,OK,658401,23576,658385,23597,16,-21
Chieti,Avellino,OK,302967,11612,300611,11687,2356,-75
Chieti,Bari,OK,308377,11283,308354,11304,23,-21
Chieti,Barletta,OK,257012,9304,256986,9325,26,-21
Chieti,Belluno,OK,614112,21082,614079,21103,33,-21
Chieti,Benevento,OK,240934,10710,240911,10731,23,-21
Chieti,Bergamo,OK,613732,22059,630752,22140,-17020,-81
Chieti,Biella,OK,688496,24865,688433,24887,63,-22
Chieti,Bologna,OK,374471,14106,374436,14127,35,-21
Chieti,Bolzano - Bozen,OK,655042,23100,655007,23120,35,-20
Chieti,Brescia,OK,569464,20285,569429,20521,35,-236
Chieti,Brindisi,OK,422585,15263,422561,15284,24,-21
Chieti,Cagliari,OK,732309,20628,803582,184575,-71273,-163947
Chieti,Caltanissetta,OK,900431,41985,900983,42118,-552,-133
Chieti,Campobasso,OK,172492,7017,172468,7038,24,-21
Chieti,Carbonia,OK,798703,23398,833878,186530,-35175,-163132
Chieti,Caserta,OK,251469,9817,249102,9833,2367,-16
Chieti,Catania,OK,791148,37634,791704,37767,-556,-133
Chieti,Catanzaro,OK,607060,25406,607614,25539,-554,-133
Chieti,Como,OK,638547,22365,638511,22388,36,-23
Chieti,Cosenza,OK,514072,21690,514625,21823,-553,-133
Chieti,Cremona,OK,554592,19817,554557,19837,35,-20
Chieti,Crotone,OK,605274,25666,605251,25688,23,-22
Chieti,Cuneo,OK,750424,28157,750397,28178,27,-21
Chieti,Enna,OK,875068,41129,875620,41263,-552,-134
Chieti,Fermo,OK,118760,4305,118737,4326,23,-21
Chieti,Ferrara,OK,415875,15410,415840,15431,35,-21
Chieti,Firenze,OK,444541,14183,442530,14199,2011,-16
Chieti,Foggia,OK,187939,6356,187916,6377,23,-21
Chieti,Forlì,OK,318177,12024,318142,12045,35,-21
Chieti,Frosinone,OK,175515,6684,173367,6705,2148,-21
Chieti,Genova,OK,678955,22641,676618,22656,2337,-15
Chieti,Gorizia,OK,648549,22930,648530,23287,19,-357
Chieti,Grosseto,OK,388375,14093,386038,14094,2337,-1
Chieti,Iglesias,OK,776011,22357,806907,185528,-30896,-163171
Chieti,Imperia,OK,795571,27222,793234,27239,2337,-17
Chieti,Isernia,OK,136661,6480,134299,6496,2362,-16
Chieti,L'Aquila,OK,146801,4658,87990,4347,58811,311
Chieti,La Spezia,OK,592583,19107,590246,19124,2337,-17
Chieti,Lanusei,OK,610556,14271,692840,180812,-82284,-166541
Chieti,Latina,OK,254891,9152,252554,9132,2337,20
Chieti,Lecce,OK,457958,16665,457935,16686,23,-21
Chieti,Lecco,OK,638128,22592,638093,22615,35,-23
Chieti,Livorno,OK,533933,17864,531595,17881,2338,-17
Chieti,Lodi,OK,562004,19803,561969,19823,35,-20
Chieti,Macerata,OK,155174,5893,155154,5915,20,-22
Chieti,Mantova,OK,484684,17600,484649,17621,35,-21
Chieti,Massa,OK,564555,18034,562221,18051,2334,-17
Chieti,Matera,OK,332929,13369,332912,13399,17,-30
Chieti,Messina,OK,695559,33494,696115,33627,-556,-133
Chieti,Milano,OK,586364,20597,586328,20620,36,-23
Chieti,Modena,OK,418448,16023,418419,16044,29,-21
Chieti,Monza,OK,598552,20995,598517,21018,35,-23
Chieti,Napoli,OK,277267,10549,274900,10564,2367,-15
Chieti,Novara,OK,639918,23107,639873,23130,45,-23
Chieti,Nuoro,OK,683223,17946,633076,177594,50147,-159648
Chieti,Olbia,OK,751279,20983,531284,173324,219995,-152341
Chieti,Oristano,OK,764310,21444,712406,180994,51904,-159550
Chieti,Padova,OK,486807,17467,486771,17488,36,-21
Chieti,Palermo,OK,600746,41271,920537,42734,-319791,-1463
Chieti,Parma,OK,471091,17703,471056,17723,35,-20
Chieti,Pavia,OK,575238,20949,575223,20970,15,-21
Chieti,Perugia,OK,273748,11194,273724,11220,24,-26
Chieti,Pesaro,OK,234921,8734,234886,8755,35,-21
Chieti,Piacenza,OK,525565,18730,525530,18747,35,-17
Chieti,Pisa,OK,525053,17391,522716,17408,2337,-17
Chieti,Pistoia,OK,483394,15280,481510,15333,1884,-53
Chieti,Pordenone,OK,595570,20330,595538,20625,32,-295
Chieti,Potenza,OK,294920,11908,294897,11929,23,-21
Chieti,Prato,OK,466796,14898,464459,14915,2337,-17
Chieti,Ragusa,OK,897009,42971,897380,43105,-371,-134
Chieti,Ravenna,OK,323653,12163,323618,12146,35,17
Chieti,Reggio di Calabria,OK,697751,28871,698307,29004,-556,-133
Chieti,Rieti,OK,167052,6546,164686,6556,2366,-10
Chieti,Rimini,OK,265354,9771,265320,9791,34,-20
Chieti,Roma,OK,199529,6666,197191,6666,2338,0
Chieti,Rovigo,OK,448756,16086,448737,16107,19,-21
Chieti,Salerno,OK,319233,12229,316866,12244,2367,-15
Chieti,Sanluri,OK,727970,19991,759555,182520,-31585,-162529
Chieti,Sassari,OK,794416,23300,630128,178689,164288,-155389
Chieti,Savona,OK,720192,24243,717863,24260,2329,-17
Chieti,Siena,OK,418315,13703,415978,13720,2337,-17
Chieti,Siracusa,OK,856074,40117,856630,40250,-556,-133
Chieti,Sondrio,OK,717686,26267,717717,26369,-31,-102
Chieti,Taranto,OK,392320,14896,392337,14920,-17,-24
Chieti,Tempio Pausania,OK,792383,23188,573445,175537,218938,-152349
Chieti,Teramo,OK,75577,3155,75551,3170,26,-15
Chieti,Terni,OK,201518,8330,199152,8341,2366,-11
Chieti,Torino,OK,705398,25576,705363,25597,35,-21
Chieti,Tortolì,OK,592510,13428,690747,180739,-98237,-167311
Chieti,Trani,OK,268003,9713,267980,9734,23,-21
Chieti,Trapani,OK,700795,45216,1023491,46920,-322696,-1704
Chieti,Trento,OK,598995,20901,598960,20922,35,-21
Chieti,Treviso,OK,537987,18928,537955,18948,32,-20
Chieti,Trieste,OK,677876,23339,677814,23728,62,-389
Chieti,Udine,OK,637790,22221,638080,22682,-290,-461
Chieti,Urbino,OK,261202,9809,261167,9830,35,-21
Chieti,Varese,OK,646593,22670,646558,22693,35,-23
Chieti,Venezia,OK,523110,18396,522549,18370,561,26
Chieti,Verbania,OK,690942,24691,690912,24713,30,-22
Chieti,Vercelli,OK,670974,24109,670934,24132,40,-23
Chieti,Verona,OK,517013,18620,516985,18606,28,14
Chieti,Vibo Valentia,OK,608665,25974,609219,26108,-554,-134
Chieti,Vicenza,OK,519096,18419,519061,18441,35,-22
Chieti,Villacidro,OK,755786,21367,776469,183789,-20683,-162422
Chieti,Viterbo,OK,278274,9795,275937,9812,2337,-17
Como,Agrigento,OK,1557200,61976,1557722,61997,-522,-21
Como,Alessandria,OK,138174,5245,137875,5267,299,-22
Como,Ancona,OK,479239,18198,479245,18213,-6,-15
Como,Andria,OK,881387,30672,881364,30686,23,-14
Como,Aosta,OK,210629,8728,210599,8729,30,-1
Como,Arezzo,OK,429978,14395,429926,14393,52,2
Como,Ascoli Piceno,OK,591744,20907,591721,20920,23,-13
Como,Asti,OK,175001,6568,175020,6569,-19,-1
Como,Avellino,OK,851130,27675,851089,27733,41,-58
Como,Bari,OK,932006,32726,931983,32739,23,-13
Como,Barletta,OK,880641,30746,880615,30760,26,-14
Como,Belluno,OK,403291,13567,403293,13994,-2,-427
Como,Benevento,OK,833774,27558,833722,27556,52,2
Como,Bergamo,OK,56928,3463,56928,3463,0,0
Como,Biella,OK,127827,5588,127833,5587,-6,1
Como,Bologna,OK,265619,8729,265620,8729,-1,0
Como,Bolzano - Bozen,OK,340038,12015,340040,12394,-2,-379
Como,Brescia,OK,140923,5562,140923,5562,0,0
Como,Brindisi,OK,1046213,36706,1046190,36719,23,-13
Como,Cagliari,OK,1067057,32608,1140623,196553,-73566,-163945
Como,Caltanissetta,OK,1506731,58838,1507253,58859,-522,-21
Como,Campobasso,OK,796120,28459,796097,28473,23,-14
Como,Carbonia,OK,1133452,35378,1170919,198509,-37467,-163131
Como,Caserta,OK,799632,25880,799580,25878,52,2
Como,Catania,OK,1397448,54487,1397974,54508,-526,-21
Como,Catanzaro,OK,1213360,42260,1213884,42280,-524,-20
Como,Chieti,OK,640719,22455,640435,22458,284,-3
Como,Cosenza,OK,1120372,38544,1120895,38564,-523,-20
Como,Cremona,OK,155162,5801,155162,5801,0,0
Como,Crotone,OK,1198864,43501,1199387,43522,-523,-21
Como,Cuneo,OK,267024,11148,267032,11149,-8,-1
Como,Enna,OK,1481367,57983,1481890,58004,-523,-21
Como,Fermo,OK,537032,19221,537008,19234,24,-13
Como,Ferrara,OK,307168,10004,307168,10004,0,0
Como,Firenze,OK,359100,12470,359048,12468,52,2
Como,Foggia,OK,811567,27799,811544,27812,23,-13
Como,Forlì,OK,335912,11990,335903,11989,9,1
Como,Frosinone,OK,690439,22640,690387,22638,52,2
Como,Genova,OK,191990,6986,191990,6984,0,2
Como,Gorizia,OK,437728,15415,437744,16179,-16,-764
Como,Grosseto,OK,492361,18362,492808,18358,-447,4
Como,Iglesias,OK,1110759,34336,1143948,197507,-33189,-163171
Como,Imperia,OK,290457,11116,290458,11116,-1,0
Como,Isernia,OK,781095,26189,781042,26242,53,-53
Como,L'Aquila,OK,717015,22994,716960,22993,55,1
Como,La Spezia,OK,274883,10070,274884,10070,-1,0
Como,Lanusei,OK,945305,26251,1029881,192790,-84576,-166539
Como,Latina,OK,693028,23522,692976,23501,52,21
Como,Lecce,OK,1081587,38107,1081563,38121,24,-14
Como,Lecco,OK,30138,1689,30138,1689,0,0
Como,Livorno,OK,350729,13223,350729,13223,0,0
Como,Lodi,OK,89750,4156,89750,4156,0,0
Como,Macerata,OK,539655,19102,539634,19115,21,-13
Como,Mantova,OK,224788,8009,224788,8405,0,-396
Como,Massa,OK,291968,10817,291972,10817,-4,0
Como,Matera,OK,956557,34812,956541,34834,16,-22
Como,Messina,OK,1301858,50347,1302385,50368,-527,-21
Como,Milano,OK,50876,2476,50876,2476,0,0
Como,Modena,OK,230205,7650,230205,7650,0,0
Como,Monza,OK,40578,2179,40578,2179,0,0
Como,Napoli,OK,825430,26612,825377,26609,53,3
Como,Novara,OK,79561,3849,79552,3849,9,0
Como,Nuoro,OK,1017971,29926,970117,189572,47854,-159646
Como,Olbia,OK,1086028,32963,868325,185302,217703,-152339
Como,Oristano,OK,1099059,33423,1049447,192973,49612,-159550
Como,Padova,OK,280058,9841,280058,10269,0,-428
Como,Palermo,OK,1148908,57334,1526807,59475,-377899,-2141
Como,Parma,OK,178288,6176,178288,6176,0,0
Como,Pavia,OK,85973,3471,85973,3471,0,0
Como,Perugia,OK,506500,16960,506447,16958,53,2
Como,Pesaro,OK,414799,14496,414799,14511,0,-15
Como,Piacenza,OK,121329,4556,121327,4556,2,0
Como,Pisa,OK,333502,12614,333503,12614,-1,0
Como,Pistoia,OK,367212,12331,367613,12365,-401,-34
Como,Pordenone,OK,384749,12815,384752,13516,-3,-701
Como,Potenza,OK,918549,33351,918526,33364,23,-13
Como,Prato,OK,350614,11949,350562,11947,52,2
Como,Ragusa,OK,1503308,59825,1503650,59846,-342,-21
Como,Ravenna,OK,342263,11782,342262,11781,1,1
Como,Reggio di Calabria,OK,1304050,45725,1304577,45745,-527,-20
Como,Rieti,OK,616790,20679,616734,20676,56,3
Como,Rimini,OK,382188,13113,382188,13128,0,-15
Como,Roma,OK,627499,20951,627446,20948,53,3
Como,Rovigo,OK,340048,10680,340064,10680,-16,0
Como,Salerno,OK,867396,28292,867344,28289,52,3
Como,Sanluri,OK,1062719,31971,1096596,194498,-33877,-162527
Como,Sassari,OK,1129165,35280,967169,190667,161996,-155387
Como,Savona,OK,215078,8136,215086,8137,-8,-1
Como,Siena,OK,418850,14837,418797,14835,53,2
Como,Siracusa,OK,1462374,56971,1462900,56991,-526,-20
Como,Sondrio,OK,109696,5363,109762,5442,-66,-79
Como,Taranto,OK,1015948,36339,1015966,36355,-18,-16
Como,Tempio Pausania,OK,1127132,35168,910486,187516,216646,-152348
Como,Teramo,OK,606017,21217,605991,21224,26,-7
Como,Terni,OK,581039,18664,580987,18662,52,2
Como,Torino,OK,167415,7091,167415,7091,0,0
Como,Tortolì,OK,927259,25408,1027788,192718,-100529,-167310
Como,Trani,OK,891632,31155,891609,31169,23,-14
Como,Trapani,OK,1248957,61279,1629761,63661,-380804,-2382
Como,Trento,OK,283991,9816,283993,10195,-2,-379
Como,Treviso,OK,327166,11413,327169,11839,-3,-426
Como,Trieste,OK,467055,15824,467028,16619,27,-795
Como,Udine,OK,426969,14706,427294,15574,-325,-868
Como,Urbino,OK,438355,15986,438355,16000,0,-14
Como,Varese,OK,29668,2124,29660,2130,8,-6
Como,Venezia,OK,312289,10881,311763,11262,526,-381
Como,Verbania,OK,112345,4782,112350,4782,-5,0
Como,Vercelli,OK,110616,4852,110613,4851,3,1
Como,Verona,OK,201638,7386,201645,7821,-7,-435
Como,Vibo Valentia,OK,1214965,42828,1215489,42849,-524,-21
Como,Vicenza,OK,250391,8851,250627,9277,-236,-426
Como,Villacidro,OK,1090535,33346,1113510,195767,-22975,-162421
Como,Viterbo,OK,568853,18666,568808,18664,45,2
Cosenza,Agrigento,OK,442213,24045,442211,24045,2,0
Cosenza,Alessandria,OK,1102955,38234,1102650,38737,305,-503
Cosenza,Ancona,OK,669118,27081,669189,27084,-71,-3
Cosenza,Andria,OK,309331,14204,309266,14200,65,4
Cosenza,Aosta,OK,1251208,43871,1251171,44355,37,-484
Cosenza,Arezzo,OK,710028,25438,710099,25441,-71,-3
Cosenza,Ascoli Piceno,OK,616708,24109,616780,24109,-72,0
Cosenza,Asti,OK,1138623,39462,1138636,39943,-13,-481
Cosenza,Avellino,OK,289886,11874,289957,11877,-71,-3
Cosenza,Bari,OK,264491,12373,264425,12369,66,4
Cosenza,Barletta,OK,314816,14335,314751,14331,65,4
Cosenza,Belluno,OK,1113233,37827,1113229,38210,4,-383
Cosenza,Benevento,OK,325677,13299,325747,13302,-70,-3
Cosenza,Bergamo,OK,1093954,37944,1111003,38486,-17049,-542
Cosenza,Biella,OK,1168718,40751,1168684,41233,34,-482
Cosenza,Bologna,OK,870165,30733,870160,31115,5,-382
Cosenza,Bolzano - Bozen,OK,1135263,38985,1135258,39467,5,-482
Cosenza,Brescia,OK,1049686,36170,1049680,36867,6,-697
Cosenza,Brindisi,OK,264446,12426,264446,12439,0,-13
Cosenza,Cagliari,OK,1038796,33025,1112477,196974,-73681,-163949
Cosenza,Caltanissetta,OK,391743,20907,391743,20908,0,-1
Cosenza,Campobasso,OK,389347,16838,389418,16841,-71,-3
Cosenza,Carbonia,OK,1105190,35795,1142773,198930,-37583,-163135
Cosenza,Caserta,OK,329133,13526,329204,13529,-71,-3
Cosenza,Catania,OK,282461,16556,282463,16556,-2,0
Cosenza,Catanzaro,OK,98373,4329,98374,4329,-1,0
Cosenza,Chieti,OK,514366,22134,522891,22227,-8525,-93
Cosenza,Como,OK,1118769,38251,1118762,38734,7,-483
Cosenza,Cremona,OK,1034813,35702,1034808,36183,5,-481
Cosenza,Crotone,OK,110561,6232,110562,6232,-1,0
Cosenza,Cuneo,OK,1140375,41136,1140453,41139,-78,-3
Cosenza,Enna,OK,366380,20052,366379,20052,1,0
Cosenza,Fermo,OK,616195,25089,616267,25092,-72,-3
Cosenza,Ferrara,OK,914996,32156,914991,32539,5,-383
Cosenza,Firenze,OK,765852,27079,766249,27082,-397,-3
Cosenza,Foggia,OK,325252,15236,325324,15239,-72,-3
Cosenza,Forlì,OK,843009,31728,843079,31731,-70,-3
Cosenza,Frosinone,OK,438705,16528,438776,16530,-71,-2
Cosenza,Genova,OK,1000266,35537,1000336,35538,-70,-1
Cosenza,Gorizia,OK,1147670,39675,1147680,40395,-10,-720
Cosenza,Grosseto,OK,694862,26490,694933,26493,-71,-3
Cosenza,Iglesias,OK,1082498,34753,1115802,197928,-33304,-163175
Cosenza,Imperia,OK,1116882,40119,1116953,40121,-71,-2
Cosenza,Isernia,OK,401818,16460,401889,16562,-71,-102
Cosenza,L'Aquila,OK,524930,20529,524969,20527,-39,2
Cosenza,La Spezia,OK,913894,32003,913965,32006,-71,-3
Cosenza,Lanusei,OK,917043,26667,1001735,193211,-84692,-166544
Cosenza,Latina,OK,485381,19147,485452,19153,-71,-6
Cosenza,Lecce,OK,300599,13862,300599,13875,0,-13
Cosenza,Lecco,OK,1118350,38478,1118344,38961,6,-483
Cosenza,Livorno,OK,855243,30760,855314,30763,-71,-3
Cosenza,Lodi,OK,1042226,35688,1042220,36169,6,-481
Cosenza,Macerata,OK,652609,26677,652683,26681,-74,-4
Cosenza,Mantova,OK,964906,33486,964900,33967,6,-481
Cosenza,Massa,OK,885866,30931,885940,30934,-74,-3
Cosenza,Matera,OK,199031,10115,199008,10129,23,-14
Cosenza,Messina,OK,186871,12416,186874,12416,-3,0
Cosenza,Milano,OK,1066586,36482,1066578,36966,8,-484
Cosenza,Modena,OK,898670,31909,898670,32390,0,-481
Cosenza,Monza,OK,1078774,36881,1078767,37364,7,-483
Cosenza,Napoli,OK,313426,12853,313496,12856,-70,-3
Cosenza,Novara,OK,1120140,38992,1120124,39476,16,-484
Cosenza,Nuoro,OK,989710,30343,941971,189993,47739,-159650
Cosenza,Olbia,OK,1057766,33379,840179,185723,217587,-152344
Cosenza,Oristano,OK,1070797,33840,1021301,193394,49496,-159554
Cosenza,Padova,OK,985928,34213,985921,34595,7,-382
Cosenza,Palermo,OK,411293,21520,411296,21523,-3,-3
Cosenza,Parma,OK,951313,33588,951307,34069,6,-481
Cosenza,Pavia,OK,1055459,36834,1055474,37316,-15,-482
Cosenza,Perugia,OK,664060,24951,664130,24954,-70,-3
Cosenza,Pesaro,OK,732356,29518,732416,29521,-60,-3
Cosenza,Piacenza,OK,1005787,34616,1005781,35093,6,-477
Cosenza,Pisa,OK,846364,30288,846434,30290,-70,-2
Cosenza,Pistoia,OK,804705,28176,805229,28216,-524,-40
Cosenza,Pordenone,OK,1094691,37076,1094688,37732,3,-656
Cosenza,Potenza,OK,219105,9735,219176,9738,-71,-3
Cosenza,Prato,OK,788107,27794,788177,27797,-70,-3
Cosenza,Ragusa,OK,388321,21894,388139,21894,182,0
Cosenza,Ravenna,OK,857352,32243,857422,32208,-70,35
Cosenza,Reggio di Calabria,OK,189063,7794,189066,7794,-3,0
Cosenza,Rieti,OK,584772,22003,584844,22000,-72,3
Cosenza,Rimini,OK,762789,30555,762849,30557,-60,-2
Cosenza,Roma,OK,515085,19465,515156,19468,-71,-3
Cosenza,Rovigo,OK,947877,32831,947887,33215,-10,-384
Cosenza,Salerno,OK,259473,10619,259544,10622,-71,-3
Cosenza,Sanluri,OK,1034457,32388,1068450,194919,-33993,-162531
Cosenza,Sassari,OK,1100903,35696,939023,191088,161880,-155392
Cosenza,Savona,OK,1041503,37139,1041581,37142,-78,-3
Cosenza,Siena,OK,739626,26600,739696,26603,-70,-3
Cosenza,Siracusa,OK,347387,19040,347389,19040,-2,0
Cosenza,Sondrio,OK,1197908,42152,1197968,42715,-60,-563
Cosenza,Taranto,OK,200753,9819,200753,9819,0,0
Cosenza,Tempio Pausania,OK,1098870,35585,882340,187937,216530,-152352
Cosenza,Teramo,OK,582574,22129,582646,22129,-72,0
Cosenza,Terni,OK,595119,22321,595190,22324,-71,-3
Cosenza,Torino,OK,1185620,41462,1185614,41943,6,-481
Cosenza,Tortolì,OK,898997,25825,999642,193139,-100645,-167314
Cosenza,Trani,OK,301646,13829,301581,13826,65,3
Cosenza,Trapani,OK,514247,25707,514250,25710,-3,-3
Cosenza,Trento,OK,1079217,36787,1079211,37268,6,-481
Cosenza,Treviso,OK,1037108,35673,1037105,36056,3,-383
Cosenza,Trieste,OK,1176997,40084,1176964,40835,33,-751
Cosenza,Udine,OK,1136911,38966,1137230,39790,-319,-824
Cosenza,Urbino,OK,753924,30222,753989,30238,-65,-16
Cosenza,Varese,OK,1126815,38556,1126809,39039,6,-483
Cosenza,Venezia,OK,1022231,35141,1021699,35478,532,-337
Cosenza,Verbania,OK,1171164,40576,1171162,41059,2,-483
Cosenza,Vercelli,OK,1151195,39995,1151185,40478,10,-483
Cosenza,Verona,OK,997234,34506,997235,34952,-1,-446
Cosenza,Vibo Valentia,OK,99977,4897,99978,4897,-1,0
Cosenza,Vicenza,OK,1018217,35165,1018211,35549,6,-384
Cosenza,Villacidro,OK,1062273,33763,1085364,196188,-23091,-162425
Cosenza,Viterbo,OK,599585,22691,599655,22694,-70,-3
Cremona,Agrigento,OK,1446698,58563,1447220,58584,-522,-21
Cremona,Alessandria,OK,130428,5359,130129,5381,299,-22
Cremona,Ancona,OK,368737,14785,368743,14800,-6,-15
Cremona,Andria,OK,770885,27259,770862,27273,23,-14
Cremona,Aosta,OK,279883,11129,279851,11132,32,-3
Cremona,Arezzo,OK,319476,10982,319424,10980,52,2
Cremona,Ascoli Piceno,OK,481242,17494,481219,17508,23,-14
Cremona,Asti,OK,166096,6587,166115,6588,-19,-1
Cremona,Avellino,OK,740628,24263,740587,24320,41,-57
Cremona,Bari,OK,821504,29313,821481,29326,23,-13
Cremona,Barletta,OK,770139,27333,770113,27347,26,-14
Cremona,Belluno,OK,313117,9923,313120,10692,-3,-769
Cremona,Benevento,OK,723272,24145,723220,24143,52,2
Cremona,Bergamo,OK,99925,3854,99925,4197,0,-343
Cremona,Biella,OK,197393,8009,197364,8010,29,-1
Cremona,Bologna,OK,155117,5316,155118,5316,-1,0
Cremona,Bolzano - Bozen,OK,249864,8370,249867,9092,-3,-722
Cremona,Brescia,OK,55245,2053,55245,2395,0,-342
Cremona,Brindisi,OK,935712,33293,935688,33306,24,-13
Cremona,Cagliari,OK,956555,29195,1030121,193141,-73566,-163946
Cremona,Caltanissetta,OK,1396229,55425,1396752,55446,-523,-21
Cremona,Campobasso,OK,685618,25046,685595,25060,23,-14
Cremona,Carbonia,OK,1022950,31965,1060417,195096,-37467,-163131
Cremona,Caserta,OK,689130,22467,689078,22465,52,2
Cremona,Catania,OK,1286946,51074,1287472,51095,-526,-21
Cremona,Catanzaro,OK,1102858,38847,1103382,38868,-524,-21
Cremona,Chieti,OK,530217,19042,529933,19045,284,-3
Cremona,Como,OK,147444,5509,147442,5511,2,-2
Cremona,Cosenza,OK,1009870,35131,1010393,35152,-523,-21
Cremona,Crotone,OK,1088362,40089,1088885,40109,-523,-20
Cremona,Cuneo,OK,258119,11167,258127,11168,-8,-1
Cremona,Enna,OK,1370865,54570,1371388,54591,-523,-21
Cremona,Fermo,OK,426530,15808,426506,15822,24,-14
Cremona,Ferrara,OK,196666,6591,196666,6592,0,-1
Cremona,Firenze,OK,248598,9057,248546,9055,52,2
Cremona,Foggia,OK,701065,24386,701042,24399,23,-13
Cremona,Forlì,OK,225410,8577,225401,8576,9,1
Cremona,Frosinone,OK,579938,19228,579885,19225,53,3
Cremona,Genova,OK,184244,7100,184244,7098,0,2
Cremona,Gorizia,OK,347555,11770,347571,12877,-16,-1107
Cremona,Grosseto,OK,381859,14950,382306,14945,-447,5
Cremona,Iglesias,OK,1000257,30923,1033446,194094,-33189,-163171
Cremona,Imperia,OK,282711,11230,282712,11230,-1,0
Cremona,Isernia,OK,670593,22776,670540,22829,53,-53
Cremona,L'Aquila,OK,606513,19582,606458,19580,55,2
Cremona,La Spezia,OK,164381,6657,164382,6658,-1,-1
Cremona,Lanusei,OK,834803,22838,919379,189378,-84576,-166540
Cremona,Latina,OK,582526,20109,582474,20088,52,21
Cremona,Lecce,OK,971085,34694,971061,34708,24,-14
Cremona,Lecco,OK,132611,5691,147024,5738,-14413,-47
Cremona,Livorno,OK,240227,9810,240227,9810,0,0
Cremona,Lodi,OK,50848,2880,50848,2882,0,-2
Cremona,Macerata,OK,429153,15689,429132,15702,21,-13
Cremona,Mantova,OK,67408,3874,67408,3874,0,0
Cremona,Massa,OK,181466,7404,181470,7405,-4,-1
Cremona,Matera,OK,846055,31399,846039,31421,16,-22
Cremona,Messina,OK,1191357,46934,1191883,46955,-526,-21
Cremona,Milano,OK,95260,3740,95259,3743,1,-3
Cremona,Modena,OK,119703,4237,119703,4237,0,0
Cremona,Monza,OK,107448,4138,107448,4141,0,-3
Cremona,Napoli,OK,714928,23199,714875,23197,53,2
Cremona,Novara,OK,148814,6250,148804,6253,10,-3
Cremona,Nuoro,OK,907470,26513,859615,186160,47855,-159647
Cremona,Olbia,OK,975526,29550,757823,181889,217703,-152339
Cremona,Oristano,OK,988557,30011,938945,189560,49612,-159549
Cremona,Padova,OK,189884,6197,189884,6967,0,-770
Cremona,Palermo,OK,1038406,53921,1416305,56062,-377899,-2141
Cremona,Parma,OK,67786,2763,67786,2763,0,0
Cremona,Pavia,OK,97293,4049,97293,4049,0,0
Cremona,Perugia,OK,395998,13547,395945,13545,53,2
Cremona,Pesaro,OK,304297,11084,304297,11098,0,-14
Cremona,Piacenza,OK,37352,1950,37352,1946,0,4
Cremona,Pisa,OK,223001,9202,223001,9202,0,0
Cremona,Pistoia,OK,256711,8918,257111,8952,-400,-34
Cremona,Pordenone,OK,294576,9171,294579,10214,-3,-1043
Cremona,Potenza,OK,808047,29938,808024,29951,23,-13
Cremona,Prato,OK,240113,8536,240060,8534,53,2
Cremona,Ragusa,OK,1392806,56412,1393148,56433,-342,-21
Cremona,Ravenna,OK,231761,8369,231760,8368,1,1
Cremona,Reggio di Calabria,OK,1193548,42312,1194075,42332,-527,-20
Cremona,Rieti,OK,506288,17266,506232,17264,56,2
Cremona,Rimini,OK,271686,9701,271686,9715,0,-14
Cremona,Roma,OK,516997,17538,516944,17535,53,3
Cremona,Rovigo,OK,194886,7227,229562,7268,-34676,-41
Cremona,Salerno,OK,756894,24879,756842,24877,52,2
Cremona,Sanluri,OK,952217,28558,986094,191085,-33877,-162527
Cremona,Sassari,OK,1018663,31867,856667,187254,161996,-155387
Cremona,Savona,OK,207332,8250,207340,8251,-8,-1
Cremona,Siena,OK,308348,11424,308295,11422,53,2
Cremona,Siracusa,OK,1351872,53558,1352398,53578,-526,-20
Cremona,Sondrio,OK,192133,9242,226649,9492,-34516,-250
Cremona,Taranto,OK,905446,32926,905464,32942,-18,-16
Cremona,Tempio Pausania,OK,1016630,31755,799984,184103,216646,-152348
Cremona,Teramo,OK,495515,17804,495489,17811,26,-7
Cremona,Terni,OK,470537,15251,470486,15249,51,2
Cremona,Torino,OK,213093,8587,213093,8587,0,0
Cremona,Tortolì,OK,816757,21995,917286,189305,-100529,-167310
Cremona,Trani,OK,781130,27742,781107,27756,23,-14
Cremona,Trapani,OK,1138456,57866,1519259,60249,-380803,-2383
Cremona,Trento,OK,193818,6172,193820,6893,-2,-721
Cremona,Treviso,OK,236993,7768,236996,8538,-3,-770
Cremona,Trieste,OK,376882,12179,376855,13317,27,-1138
Cremona,Udine,OK,336796,11062,337121,12272,-325,-1210
Cremona,Urbino,OK,327853,12573,327853,12587,0,-14
Cremona,Varese,OK,155490,5814,155489,5816,1,-2
Cremona,Venezia,OK,222116,7236,221590,7960,526,-724
Cremona,Verbania,OK,199839,7834,199843,7836,-4,-2
Cremona,Vercelli,OK,179870,7253,179865,7255,5,-2
Cremona,Verona,OK,111465,3742,111471,4519,-6,-777
Cremona,Vibo Valentia,OK,1104463,39415,1104987,39436,-524,-21
Cremona,Vicenza,OK,160217,5206,160454,5975,-237,-769
Cremona,Villacidro,OK,980033,29934,1003008,192354,-22975,-162420
Cremona,Viterbo,OK,458351,15253,458306,15251,45,2
Crotone,Agrigento,OK,479940,26928,479964,26927,-24,1
Crotone,Alessandria,OK,1181343,43198,1181038,43701,305,-503
Crotone,Ancona,OK,757327,30639,757262,30635,65,4
Crotone,Andria,OK,350614,16829,350549,16826,65,3
Crotone,Aosta,OK,1329597,48836,1329559,49320,38,-484
Crotone,Arezzo,OK,788416,30402,788487,30405,-71,-3
Crotone,Ascoli Piceno,OK,692630,28428,692565,28425,65,3
Crotone,Asti,OK,1217011,44426,1217024,44908,-13,-482
Crotone,Avellino,OK,368275,16839,368345,16842,-70,-3
Crotone,Bari,OK,305774,14999,305709,14995,65,4
Crotone,Barletta,OK,356099,16961,356034,16957,65,4
Crotone,Belluno,OK,1191621,42792,1191618,43175,3,-383
Crotone,Benevento,OK,404066,18264,404136,18266,-70,-2
Crotone,Bergamo,OK,1172343,42909,1189391,43451,-17048,-542
Crotone,Biella,OK,1247107,45715,1247072,46197,35,-482
Crotone,Bologna,OK,948554,35697,948549,36080,5,-383
Crotone,Bolzano - Bozen,OK,1213652,43950,1213646,44431,6,-481
Crotone,Brescia,OK,1128074,41135,1128068,41831,6,-696
Crotone,Brindisi,OK,305729,15051,305729,15065,0,-14
Crotone,Cagliari,OK,1117184,37989,1190866,201939,-73682,-163950
Crotone,Caltanissetta,OK,429471,23790,429496,23790,-25,0
Crotone,Campobasso,OK,467736,21803,467806,21805,-70,-2
Crotone,Carbonia,OK,1183579,40759,1221162,203894,-37583,-163135
Crotone,Caserta,OK,407522,18491,407592,18494,-70,-3
Crotone,Catania,OK,320188,19439,320217,19439,-29,0
Crotone,Catanzaro,OK,71869,4108,71895,4108,-26,0
Crotone,Chieti,OK,602575,25692,610964,25778,-8389,-86
Crotone,Como,OK,1197157,43215,1197150,43699,7,-484
Crotone,Cosenza,OK,111401,6284,111402,6284,-1,0
Crotone,Cremona,OK,1113202,40667,1113196,41148,6,-481
Crotone,Cuneo,OK,1218764,46100,1218841,46104,-77,-4
Crotone,Enna,OK,404108,22935,404132,22935,-24,0
Crotone,Fermo,OK,704405,28647,704340,28644,65,3
Crotone,Ferrara,OK,993385,37120,993379,37503,6,-383
Crotone,Firenze,OK,844240,32044,844637,32046,-397,-2
Crotone,Foggia,OK,425766,19784,425701,19781,65,3
Crotone,Forlì,OK,903821,36366,903744,36362,77,4
Crotone,Frosinone,OK,517094,21492,517164,21495,-70,-3
Crotone,Genova,OK,1078654,40502,1078725,40503,-71,-1
Crotone,Gorizia,OK,1226059,44640,1226069,45360,-10,-720
Crotone,Grosseto,OK,773251,31454,773321,31458,-70,-4
Crotone,Iglesias,OK,1160886,39718,1194191,202892,-33305,-163174
Crotone,Imperia,OK,1195271,45083,1195341,45086,-70,-3
Crotone,Isernia,OK,480206,21424,480277,21527,-71,-103
Crotone,L'Aquila,OK,603319,25494,603358,25492,-39,2
Crotone,La Spezia,OK,992283,36968,992353,36971,-70,-3
Crotone,Lanusei,OK,995431,31632,1080123,198176,-84692,-166544
Crotone,Latina,OK,563770,24112,563840,24118,-70,-6
Crotone,Lecce,OK,341882,16487,341882,16501,0,-14
Crotone,Lecco,OK,1196738,43443,1196732,43926,6,-483
Crotone,Livorno,OK,933632,35725,933702,35728,-70,-3
Crotone,Lodi,OK,1120615,40653,1120608,41134,7,-481
Crotone,Macerata,OK,740819,30235,740756,30232,63,3
Crotone,Mantova,OK,1043294,38450,1043288,38931,6,-481
Crotone,Massa,OK,964254,35895,964328,35899,-74,-4
Crotone,Matera,OK,240314,12740,240292,12754,22,-14
Crotone,Messina,OK,224599,15299,224627,15299,-28,0
Crotone,Milano,OK,1144974,41447,1144967,41930,7,-483
Crotone,Modena,OK,977059,36873,977058,37354,1,-481
Crotone,Monza,OK,1157162,41845,1157156,42328,6,-483
Crotone,Napoli,OK,391814,17818,391885,17821,-71,-3
Crotone,Novara,OK,1198528,43957,1198513,44440,15,-483
Crotone,Nuoro,OK,1068098,35307,1020360,194958,47738,-159651
Crotone,Olbia,OK,1136154,38344,918567,190687,217587,-152343
Crotone,Oristano,OK,1149185,38805,1099689,198358,49496,-159553
Crotone,Padova,OK,1064317,39177,1064309,39560,8,-383
Crotone,Palermo,OK,449021,24403,449049,24405,-28,-2
Crotone,Parma,OK,1029701,38553,1029696,39033,5,-480
Crotone,Pavia,OK,1133848,41799,1133862,42281,-14,-482
Crotone,Perugia,OK,742449,29916,742518,29919,-69,-3
Crotone,Pesaro,OK,820565,33076,820489,33072,76,4
Crotone,Piacenza,OK,1084175,39580,1084170,40058,5,-478
Crotone,Pisa,OK,924752,35252,924823,35255,-71,-3
Crotone,Pistoia,OK,883093,33141,883617,33180,-524,-39
Crotone,Pordenone,OK,1173080,42040,1173076,42697,4,-657
Crotone,Potenza,OK,297493,14700,297565,14703,-72,-3
Crotone,Prato,OK,866495,32759,866566,32762,-71,-3
Crotone,Ragusa,OK,426049,24777,425892,24777,157,0
Crotone,Ravenna,OK,909297,36505,909220,36463,77,42
Crotone,Reggio di Calabria,OK,226791,10676,226819,10676,-28,0
Crotone,Rieti,OK,663161,26968,663232,26964,-71,4
Crotone,Rimini,OK,850999,34113,850922,34108,77,5
Crotone,Roma,OK,593474,24429,593544,24432,-70,-3
Crotone,Rovigo,OK,1026265,37795,1026276,38179,-11,-384
Crotone,Salerno,OK,337862,15584,337933,15587,-71,-3
Crotone,Sanluri,OK,1112846,37352,1146838,199884,-33992,-162532
Crotone,Sassari,OK,1179292,40661,1017412,196052,161880,-155391
Crotone,Savona,OK,1119891,42104,1119970,42107,-79,-3
Crotone,Siena,OK,818015,31564,818085,31567,-70,-3
Crotone,Siracusa,OK,385114,21922,385143,21922,-29,0
Crotone,Sondrio,OK,1276297,47117,1276357,47679,-60,-562
Crotone,Taranto,OK,242036,12445,242036,12445,0,0
Crotone,Tempio Pausania,OK,1177259,40549,960729,192901,216530,-152352
Crotone,Teramo,OK,660962,27094,661034,27093,-72,1
Crotone,Terni,OK,673507,27286,673578,27289,-71,-3
Crotone,Torino,OK,1264008,46426,1264003,46907,5,-481
Crotone,Tortolì,OK,977385,30789,1078030,198103,-100645,-167314
Crotone,Trani,OK,342929,16455,342864,16451,65,4
Crotone,Trapani,OK,551975,28590,552003,28592,-28,-2
Crotone,Trento,OK,1157605,41752,1157599,42233,6,-481
Crotone,Treviso,OK,1115497,40637,1115494,41020,3,-383
Crotone,Trieste,OK,1255385,45048,1255353,45800,32,-752
Crotone,Udine,OK,1215299,43931,1215619,44754,-320,-823
Crotone,Urbino,OK,846846,34151,846769,34147,77,4
Crotone,Varese,OK,1205204,43520,1205197,44004,7,-484
Crotone,Venezia,OK,1100620,40106,1100088,40442,532,-336
Crotone,Verbania,OK,1249552,45541,1249551,46024,1,-483
Crotone,Vercelli,OK,1229584,44959,1229573,45443,11,-484
Crotone,Verona,OK,1075623,39470,1075624,39917,-1,-447
Crotone,Vibo Valentia,OK,136182,7342,136208,7341,-26,1
Crotone,Vicenza,OK,1096605,40129,1096600,40514,5,-385
Crotone,Villacidro,OK,1140662,38728,1163752,201153,-23090,-162425
Crotone,Viterbo,OK,677973,27656,678044,27659,-71,-3
Cuneo,Agrigento,OK,1579147,64393,1580098,64490,-951,-97
Cuneo,Alessandria,OK,122992,6365,122914,6371,78,-6
Cuneo,Ancona,OK,577295,23076,577300,23091,-5,-15
Cuneo,Andria,OK,979442,35550,979419,35564,23,-14
Cuneo,Aosta,OK,214851,9446,215228,9519,-377,-73
Cuneo,Arezzo,OK,451925,16813,452302,16886,-377,-73
Cuneo,Ascoli Piceno,OK,689800,25785,689776,25799,24,-14
Cuneo,Asti,OK,88394,4499,88394,4590,0,-91
Cuneo,Avellino,OK,873077,30093,873465,30226,-388,-133
Cuneo,Bari,OK,1030061,37604,1030038,37617,23,-13
Cuneo,Barletta,OK,978696,35624,978670,35638,26,-14
Cuneo,Belluno,OK,555294,19753,555296,20522,-2,-769
Cuneo,Benevento,OK,855721,29976,856098,30049,-377,-73
Cuneo,Bergamo,OK,260471,10812,260473,10812,-2,0
Cuneo,Biella,OK,184772,8431,185121,8502,-349,-71
Cuneo,Bologna,OK,363675,13607,363675,13607,0,0
Cuneo,Bolzano - Bozen,OK,492041,18200,492043,18922,-2,-722
Cuneo,Brescia,OK,297422,11883,297421,12225,1,-342
Cuneo,Brindisi,OK,1144269,41584,1144245,41597,24,-13
Cuneo,Cagliari,OK,1089004,35026,1163000,199046,-73996,-164020
Cuneo,Caltanissetta,OK,1528677,61256,1529630,61352,-953,-96
Cuneo,Campobasso,OK,852125,31303,852501,31432,-376,-129
Cuneo,Carbonia,OK,1155399,37796,1193295,201002,-37896,-163206
Cuneo,Caserta,OK,821579,28298,821956,28371,-377,-73
Cuneo,Catania,OK,1419395,56905,1420350,57001,-955,-96
Cuneo,Catanzaro,OK,1235307,44677,1236261,44773,-954,-96
Cuneo,Chieti,OK,738775,27333,738490,27336,285,-3
Cuneo,Como,OK,254523,10320,254523,10320,0,0
Cuneo,Cosenza,OK,1142318,40962,1143271,41057,-953,-95
Cuneo,Cremona,OK,252115,10564,252114,10564,1,0
Cuneo,Crotone,OK,1220810,45919,1221763,46015,-953,-96
Cuneo,Enna,OK,1503314,60400,1504266,60497,-952,-97
Cuneo,Fermo,OK,635087,24099,635064,24113,23,-14
Cuneo,Ferrara,OK,405223,14882,405223,14883,0,-1
Cuneo,Firenze,OK,381047,14888,381424,14961,-377,-73
Cuneo,Foggia,OK,909623,32677,909599,32690,24,-13
Cuneo,Forlì,OK,433967,16868,433958,16867,9,1
Cuneo,Frosinone,OK,712386,25058,712763,25131,-377,-73
Cuneo,Genova,OK,149251,6268,149628,6341,-377,-73
Cuneo,Gorizia,OK,589731,21600,589747,22707,-16,-1107
Cuneo,Grosseto,OK,457460,18865,457837,18937,-377,-72
Cuneo,Iglesias,OK,1132706,36754,1166324,200000,-33618,-163246
Cuneo,Imperia,OK,135034,6740,135411,6813,-377,-73
Cuneo,Isernia,OK,803042,28606,803418,28735,-376,-129
Cuneo,L'Aquila,OK,738962,25412,739337,25486,-375,-74
Cuneo,La Spezia,OK,249487,10160,249864,10233,-377,-73
Cuneo,Lanusei,OK,967251,28668,1052257,195283,-85006,-166615
Cuneo,Latina,OK,714975,25940,715352,25994,-377,-54
Cuneo,Lecce,OK,1179643,42985,1179618,42999,25,-14
Cuneo,Lecco,OK,267814,11287,267814,11287,0,0
Cuneo,Livorno,OK,325399,13305,325775,13378,-376,-73
Cuneo,Lodi,OK,232437,10015,232436,10015,1,0
Cuneo,Macerata,OK,637710,23980,637689,23993,21,-13
Cuneo,Mantova,OK,311126,13778,311125,13778,1,0
Cuneo,Massa,OK,266638,10900,267019,10973,-381,-73
Cuneo,Matera,OK,1046543,39673,1054596,39712,-8053,-39
Cuneo,Messina,OK,1323805,52765,1324761,52861,-956,-96
Cuneo,Milano,OK,211357,8924,211356,8924,1,0
Cuneo,Modena,OK,328260,12528,328260,12528,0,0
Cuneo,Monza,OK,228238,9690,228238,9690,0,0
Cuneo,Napoli,OK,847376,29029,847753,29102,-377,-73
Cuneo,Novara,OK,183780,8583,183779,8583,1,0
Cuneo,Nuoro,OK,1039918,32344,992493,192065,47425,-159721
Cuneo,Olbia,OK,1107974,35380,890701,187795,217273,-152415
Cuneo,Oristano,OK,1121005,35841,1071823,195466,49182,-159625
Cuneo,Padova,OK,432061,16027,432061,16797,0,-770
Cuneo,Palermo,OK,1170855,59752,1549183,61968,-378328,-2216
Cuneo,Parma,OK,276343,11054,276343,11054,0,0
Cuneo,Pavia,OK,192690,8306,192689,8306,1,0
Cuneo,Perugia,OK,528447,19378,528823,19451,-376,-73
Cuneo,Pesaro,OK,512855,19375,512854,19389,1,-14
Cuneo,Piacenza,OK,224618,9578,224618,9575,0,3
Cuneo,Pisa,OK,308173,12697,308549,12770,-376,-73
Cuneo,Pistoia,OK,345011,13432,345841,13542,-830,-110
Cuneo,Pordenone,OK,536753,19001,536755,20044,-2,-1043
Cuneo,Potenza,OK,1001708,35825,1002086,35898,-378,-73
Cuneo,Prato,OK,365765,14088,366142,14161,-377,-73
Cuneo,Ragusa,OK,1525255,62242,1526026,62339,-771,-97
Cuneo,Ravenna,OK,440318,16660,440317,16659,1,1
Cuneo,Reggio di Calabria,OK,1325997,48142,1326953,48238,-956,-96
Cuneo,Rieti,OK,638736,23097,639110,23169,-374,-72
Cuneo,Rimini,OK,480244,17992,480243,18006,1,-14
Cuneo,Roma,OK,649445,23368,649822,23441,-377,-73
Cuneo,Rovigo,OK,438104,15558,438119,15559,-15,-1
Cuneo,Salerno,OK,889343,30710,889720,30782,-377,-72
Cuneo,Sanluri,OK,1084666,34389,1118972,196991,-34306,-162602
Cuneo,Sassari,OK,1151112,37697,989545,193160,161567,-155463
Cuneo,Savona,OK,104119,4321,104558,4398,-439,-77
Cuneo,Siena,OK,440797,17255,441173,17328,-376,-73
Cuneo,Siracusa,OK,1484321,59388,1485276,59484,-955,-96
Cuneo,Sondrio,OK,347372,14962,347439,15041,-67,-79
Cuneo,Taranto,OK,1114004,41217,1114021,41233,-17,-16
Cuneo,Tempio Pausania,OK,1149079,37586,932863,190009,216216,-152423
Cuneo,Teramo,OK,704073,26095,704046,26102,27,-7
Cuneo,Terni,OK,602986,21082,603364,21155,-378,-73
Cuneo,Torino,OK,99924,4449,100301,4522,-377,-73
Cuneo,Tortolì,OK,949205,27826,1050164,195211,-100959,-167385
Cuneo,Trani,OK,989687,36033,989664,36047,23,-14
Cuneo,Trapani,OK,1270904,63696,1652137,66154,-381233,-2458
Cuneo,Trento,OK,435994,16002,435996,16723,-2,-721
Cuneo,Treviso,OK,479170,17598,479172,18368,-2,-770
Cuneo,Trieste,OK,619058,22009,619031,23147,27,-1138
Cuneo,Udine,OK,578972,20892,579297,22102,-325,-1210
Cuneo,Urbino,OK,536410,20864,536410,20878,0,-14
Cuneo,Varese,OK,262570,10625,262570,10625,0,0
Cuneo,Venezia,OK,464293,17066,463766,17790,527,-724
Cuneo,Verbania,OK,251269,10981,251645,11053,-376,-72
Cuneo,Vercelli,OK,148748,7636,148747,7634,1,2
Cuneo,Verona,OK,353641,13572,353648,14349,-7,-777
Cuneo,Vibo Valentia,OK,1236911,45246,1237865,45342,-954,-96
Cuneo,Vicenza,OK,402394,15036,402630,15805,-236,-769
Cuneo,Villacidro,OK,1112482,35764,1135886,198260,-23404,-162496
Cuneo,Viterbo,OK,590800,21083,591184,21157,-384,-74
Enna,Agrigento,OK,95932,5639,95931,5639,1,0
Enna,Alessandria,OK,1467383,57842,1467077,58346,306,-504
Enna,Ancona,OK,1033545,46690,1033617,46693,-72,-3
Enna,Andria,OK,673758,33813,673693,33809,65,4
Enna,Aosta,OK,1615636,63480,1615598,63964,38,-484
Enna,Arezzo,OK,1074455,45046,1074526,45049,-71,-3
Enna,Ascoli Piceno,OK,981136,43718,981207,43718,-71,0
Enna,Asti,OK,1503050,59070,1503063,59552,-13,-482
Enna,Avellino,OK,654314,31483,654384,31486,-70,-3
Enna,Bari,OK,628918,31982,628853,31978,65,4
Enna,Barletta,OK,679244,33944,679178,33940,66,4
Enna,Belluno,OK,1477660,57436,1477657,57819,3,-383
Enna,Benevento,OK,690105,32908,690175,32911,-70,-3
Enna,Bergamo,OK,1458382,57553,1475430,58095,-17048,-542
Enna,Biella,OK,1533146,60360,1533111,60842,35,-482
Enna,Bologna,OK,1234593,50341,1234588,50724,5,-383
Enna,Bolzano - Bozen,OK,1499691,58594,1499685,59075,6,-481
Enna,Brescia,OK,1414113,55779,1414107,56475,6,-696
Enna,Brindisi,OK,628873,32034,628873,32048,0,-14
Enna,Cagliari,OK,551667,49334,1476905,216583,-925238,-167249
Enna,Caltanissetta,OK,45462,2501,45462,2501,0,0
Enna,Campobasso,OK,753775,36447,753845,36450,-70,-3
Enna,Carbonia,OK,629757,52982,1507201,218538,-877444,-165556
Enna,Caserta,OK,693561,33135,693631,33138,-70,-3
Enna,Catania,OK,85608,3817,85609,3817,-1,0
Enna,Catanzaro,OK,340651,19014,340651,19014,0,0
Enna,Chieti,OK,878793,41743,887318,41836,-8525,-93
Enna,Como,OK,1483196,57860,1483190,58343,6,-483
Enna,Cosenza,OK,368901,20143,368901,20143,0,0
Enna,Cremona,OK,1399241,55311,1399235,55792,6,-481
Enna,Crotone,OK,407467,22726,407467,22726,0,0
Enna,Cuneo,OK,1504803,60745,1504880,60748,-77,-3
Enna,Fermo,OK,980623,44698,980695,44701,-72,-3
Enna,Ferrara,OK,1279424,51764,1279418,52147,6,-383
Enna,Firenze,OK,1130280,46688,1130676,46691,-396,-3
Enna,Foggia,OK,689680,34844,689752,34848,-72,-4
Enna,Forlì,OK,1207437,51337,1207507,51340,-70,-3
Enna,Frosinone,OK,803133,36136,803203,36139,-70,-3
Enna,Genova,OK,1364693,55146,1364764,55147,-71,-1
Enna,Gorizia,OK,1512098,59284,1512108,60004,-10,-720
Enna,Grosseto,OK,1059290,46099,1059360,46102,-70,-3
Enna,Iglesias,OK,607064,51941,1480230,217536,-873166,-165595
Enna,Imperia,OK,1481310,59727,1481380,59730,-70,-3
Enna,Isernia,OK,766245,36068,766316,36171,-71,-103
Enna,L'Aquila,OK,889358,40138,889397,40136,-39,2
Enna,La Spezia,OK,1278322,51612,1278392,51615,-70,-3
Enna,Lanusei,OK,1281471,46276,1366162,212820,-84691,-166544
Enna,Latina,OK,849809,38756,849879,38762,-70,-6
Enna,Lecce,OK,665026,33470,665026,33484,0,-14
Enna,Lecco,OK,1482778,58087,1482771,58570,7,-483
Enna,Livorno,OK,1219671,50369,1219741,50372,-70,-3
Enna,Lodi,OK,1406654,55297,1406647,55778,7,-481
Enna,Macerata,OK,1017037,46286,1017111,46289,-74,-3
Enna,Mantova,OK,1329333,53094,1329327,53575,6,-481
Enna,Massa,OK,1250293,50539,1250367,50543,-74,-4
Enna,Matera,OK,563458,29724,563436,29738,22,-14
Enna,Messina,OK,181616,7669,179302,7668,2314,1
Enna,Milano,OK,1431013,56091,1431006,56575,7,-484
Enna,Modena,OK,1263098,51517,1263097,51999,1,-482
Enna,Monza,OK,1443201,56489,1443195,56973,6,-484
Enna,Napoli,OK,677854,32462,677924,32465,-70,-3
Enna,Novara,OK,1484567,58601,1484552,59085,15,-484
Enna,Nuoro,OK,1354137,49952,1306399,209602,47738,-159650
Enna,Olbia,OK,1422193,52988,1204606,205332,217587,-152344
Enna,Oristano,OK,643764,53001,1385728,213002,-741964,-160001
Enna,Padova,OK,1350356,53821,1350348,54204,8,-383
Enna,Palermo,OK,132745,5919,132745,5919,0,0
Enna,Parma,OK,1315740,53197,1315735,53678,5,-481
Enna,Pavia,OK,1419887,56443,1419901,56925,-14,-482
Enna,Perugia,OK,1028488,44560,1028557,44563,-69,-3
Enna,Pesaro,OK,1096784,49127,1096843,49130,-59,-3
Enna,Piacenza,OK,1370214,54225,1370209,54702,5,-477
Enna,Pisa,OK,1210792,49896,1210862,49899,-70,-3
Enna,Pistoia,OK,1169133,47785,1169656,47824,-523,-39
Enna,Pordenone,OK,1459119,56684,1459115,57341,4,-657
Enna,Potenza,OK,583532,29344,583604,29347,-72,-3
Enna,Prato,OK,1152535,47403,1152605,47406,-70,-3
Enna,Ragusa,OK,120342,7732,121347,7889,-1005,-157
Enna,Ravenna,OK,1221780,51852,1221850,51817,-70,35
Enna,Reggio di Calabria,OK,206047,13341,206048,13341,-1,0
Enna,Rieti,OK,949200,41612,949271,41608,-71,4
Enna,Rimini,OK,1127217,50164,1127277,50166,-60,-2
Enna,Roma,OK,879513,39073,879583,39076,-70,-3
Enna,Rovigo,OK,1312305,52440,1312315,52823,-10,-383
Enna,Salerno,OK,623901,30228,623972,30231,-71,-3
Enna,Sanluri,OK,598426,51474,1432877,214528,-834451,-163054
Enna,Sassari,OK,1465331,55305,1303451,210697,161880,-155392
Enna,Savona,OK,1405931,56748,1406009,56751,-78,-3
Enna,Siena,OK,1104054,46208,1104124,46211,-70,-3
Enna,Siracusa,OK,135541,5865,135542,5865,-1,0
Enna,Sondrio,OK,1562336,61761,1562396,62323,-60,-562
Enna,Taranto,OK,565180,29428,565180,29428,0,0
Enna,Tempio Pausania,OK,1463298,55193,1246768,207545,216530,-152352
Enna,Teramo,OK,947002,41738,947073,41738,-71,0
Enna,Terni,OK,959546,41930,959617,41933,-71,-3
Enna,Torino,OK,1550048,61071,1550042,61552,6,-481
Enna,Tortolì,OK,1263425,45434,1364070,212747,-100645,-167313
Enna,Trani,OK,666074,33438,666008,33435,66,3
Enna,Trapani,OK,235699,10106,235699,10106,0,0
Enna,Trento,OK,1443644,56396,1443638,56877,6,-481
Enna,Treviso,OK,1401536,55282,1401533,55664,3,-382
Enna,Trieste,OK,1541425,59693,1541392,60444,33,-751
Enna,Udine,OK,1501338,58575,1501658,59399,-320,-824
Enna,Urbino,OK,1118352,49831,1118416,49846,-64,-15
Enna,Varese,OK,1491243,58165,1491236,58648,7,-483
Enna,Venezia,OK,1386659,54750,1386127,55087,532,-337
Enna,Verbania,OK,1535592,60185,1535590,60668,2,-483
Enna,Vercelli,OK,1515623,59604,1515612,60087,11,-483
Enna,Verona,OK,1361662,54114,1361663,54561,-1,-447
Enna,Vibo Valentia,OK,278047,16727,278047,16727,0,0
Enna,Vicenza,OK,1382644,54773,1382639,55158,5,-385
Enna,Villacidro,OK,596819,51709,1449791,215797,-852972,-164088
Enna,Viterbo,OK,964013,42300,964083,42303,-70,-3
Fermo,Agrigento,OK,1052427,48633,1053002,48745,-575,-112
Fermo,Alessandria,OK,522034,19276,521722,19297,312,-21
Fermo,Ancona,OK,70983,3225,70983,3225,0,0
Fermo,Andria,OK,359285,12740,359285,12740,0,0
Fermo,Aosta,OK,670287,24914,670243,24916,44,-2
Fermo,Arezzo,OK,228729,10967,228728,10972,1,-5
Fermo,Ascoli Piceno,OK,69643,2975,69643,2975,0,0
Fermo,Asti,OK,557701,20504,557708,20504,-7,0
Fermo,Avellino,OK,386447,14603,386452,14662,-5,-59
Fermo,Bari,OK,409904,14794,409904,14794,0,0
Fermo,Barletta,OK,358539,12814,358536,12815,3,-1
Fermo,Belluno,OK,513412,18010,513403,18009,9,1
Fermo,Benevento,OK,342461,14221,342461,14221,0,0
Fermo,Bergamo,OK,513033,18987,530075,19047,-17042,-60
Fermo,Biella,OK,587797,21793,587756,21793,41,0
Fermo,Bologna,OK,273772,11034,273760,11034,12,0
Fermo,Bolzano - Bozen,OK,554342,20028,554330,20027,12,1
Fermo,Brescia,OK,468764,17213,468753,17427,11,-214
Fermo,Brindisi,OK,524112,18774,524111,18774,1,0
Fermo,Cagliari,OK,785215,22744,858840,186675,-73625,-163931
Fermo,Caltanissetta,OK,1001958,45495,1002533,45608,-575,-113
Fermo,Campobasso,OK,274019,10528,274018,10528,1,0
Fermo,Carbonia,OK,851609,25514,889136,188630,-37527,-163116
Fermo,Caserta,OK,334949,12808,334943,12808,6,0
Fermo,Catania,OK,892675,41144,893254,41257,-579,-113
Fermo,Catanzaro,OK,708587,28917,709164,29029,-577,-112
Fermo,Chieti,OK,118618,4524,118356,4513,262,11
Fermo,Como,OK,537848,19293,537835,19295,13,-2
Fermo,Cosenza,OK,615599,25201,616175,25313,-576,-112
Fermo,Cremona,OK,453892,16745,453880,16744,12,1
Fermo,Crotone,OK,706801,29177,706801,29177,0,0
Fermo,Cuneo,OK,649724,25085,649720,25085,4,0
Fermo,Enna,OK,976595,44640,977170,44752,-575,-112
Fermo,Ferrara,OK,315176,12338,315164,12338,12,0
Fermo,Firenze,OK,304090,12680,304416,12684,-326,-4
Fermo,Foggia,OK,289466,9867,289466,9867,0,0
Fermo,Forlì,OK,217477,8952,217465,8952,12,0
Fermo,Frosinone,OK,258995,9675,259208,9680,-213,-5
Fermo,Genova,OK,575849,21017,575837,21014,12,3
Fermo,Gorizia,OK,547850,19858,547854,20194,-4,-336
Fermo,Grosseto,OK,328526,14856,329026,14858,-500,-2
Fermo,Iglesias,OK,828917,24472,862165,187628,-33248,-163156
Fermo,Imperia,OK,674316,25147,674305,25146,11,1
Fermo,Isernia,OK,243082,10066,243086,10067,-4,-1
Fermo,L'Aquila,OK,141725,5069,141678,5068,47,1
Fermo,La Spezia,OK,452133,17604,452132,17609,1,-5
Fermo,Lanusei,OK,663462,16387,748098,182912,-84636,-166525
Fermo,Latina,OK,307797,11268,307812,11231,-15,37
Fermo,Lecce,OK,559485,20175,559485,20175,0,0
Fermo,Lecco,OK,537429,19520,537416,19522,13,-2
Fermo,Livorno,OK,393482,16361,393481,16366,1,-5
Fermo,Lodi,OK,461305,16730,461292,16730,13,0
Fermo,Macerata,OK,40361,2614,40363,2614,-2,0
Fermo,Mantova,OK,383984,14528,383972,14527,12,1
Fermo,Massa,OK,424104,16532,424107,16537,-3,-5
Fermo,Matera,OK,434456,16880,434462,16889,-6,-9
Fermo,Messina,OK,797086,37005,797665,37117,-579,-112
Fermo,Milano,OK,485664,17525,485651,17526,13,-1
Fermo,Modena,OK,317749,12951,317742,12951,7,0
Fermo,Monza,OK,497853,17923,497840,17925,13,-2
Fermo,Napoli,OK,360747,13539,360741,13539,6,0
Fermo,Novara,OK,539218,20035,539197,20037,21,-2
Fermo,Nuoro,OK,736129,20062,688334,179694,47795,-159632
Fermo,Olbia,OK,804185,23099,586542,175423,217643,-152324
Fermo,Oristano,OK,817216,23560,767664,183094,49552,-159534
Fermo,Padova,OK,386108,14395,386094,14395,14,0
Fermo,Palermo,OK,684225,44262,1022087,46223,-337862,-1961
Fermo,Parma,OK,370392,14630,370380,14629,12,1
Fermo,Pavia,OK,474538,17876,474546,17877,-8,-1
Fermo,Perugia,OK,158935,7915,158934,7919,1,-4
Fermo,Pesaro,OK,134221,5662,134210,5662,11,0
Fermo,Piacenza,OK,424866,15658,424854,15654,12,4
Fermo,Pisa,OK,384602,15889,384602,15893,0,-4
Fermo,Pistoia,OK,342943,13777,343396,13818,-453,-41
Fermo,Pordenone,OK,494871,17258,494861,17532,10,-274
Fermo,Potenza,OK,396447,15419,396447,15419,0,0
Fermo,Prato,OK,326345,13395,326345,13400,0,-5
Fermo,Ragusa,OK,998536,46482,998930,46594,-394,-112
Fermo,Ravenna,OK,222953,9091,222941,9052,12,39
Fermo,Reggio di Calabria,OK,799278,32382,799857,32494,-579,-112
Fermo,Rieti,OK,194719,7911,194644,7908,75,3
Fermo,Rimini,OK,164655,6699,164643,6698,12,1
Fermo,Roma,OK,252435,8782,252449,8766,-14,16
Fermo,Rovigo,OK,348057,13014,348061,13014,-4,0
Fermo,Salerno,OK,402713,15219,402707,15219,6,0
Fermo,Sanluri,OK,780877,22107,814813,184620,-33936,-162513
Fermo,Sassari,OK,847322,25416,685386,180788,161936,-155372
Fermo,Savona,OK,598937,22167,598933,22167,4,0
Fermo,Siena,OK,258236,11351,258235,11355,1,-4
Fermo,Siracusa,OK,957601,43628,958180,43740,-579,-112
Fermo,Sondrio,OK,616987,23195,617041,23275,-54,-80
Fermo,Taranto,OK,493847,18407,493887,18410,-40,-3
Fermo,Tempio Pausania,OK,845289,25304,628703,177637,216586,-152333
Fermo,Teramo,OK,83915,3285,83912,3278,3,7
Fermo,Terni,OK,177203,9087,177203,9087,0,0
Fermo,Torino,OK,604699,22504,604687,22504,12,0
Fermo,Tortolì,OK,645416,15544,746005,182839,-100589,-167295
Fermo,Trani,OK,369530,13223,369530,13223,0,0
Fermo,Trapani,OK,784274,48206,1125041,50410,-340767,-2204
Fermo,Trento,OK,498295,17829,498283,17829,12,0
Fermo,Treviso,OK,437288,15856,437279,15855,9,1
Fermo,Trieste,OK,577176,20267,577138,20635,38,-368
Fermo,Udine,OK,537090,19149,537403,19589,-313,-440
Fermo,Urbino,OK,160502,6737,160490,6736,12,1
Fermo,Varese,OK,545894,19598,545881,19600,13,-2
Fermo,Venezia,OK,422411,15324,421873,15277,538,47
Fermo,Verbania,OK,590243,21619,590235,21620,8,-1
Fermo,Vercelli,OK,570274,21037,570257,21039,17,-2
Fermo,Verona,OK,416313,15548,416308,15513,5,35
Fermo,Vibo Valentia,OK,710192,29485,710769,29598,-577,-113
Fermo,Vicenza,OK,418396,15347,418384,15348,12,-1
Fermo,Villacidro,OK,808692,23483,831727,185889,-23035,-162406
Fermo,Viterbo,OK,231919,11390,231918,11390,1,0
Ferrara,Agrigento,OK,1352857,55850,1353378,55870,-521,-20
Ferrara,Alessandria,OK,289991,10020,289691,10042,300,-22
Ferrara,Ancona,OK,255680,11300,255686,11315,-6,-15
Ferrara,Andria,OK,657828,23774,657804,23788,24,-14
Ferrara,Aosta,OK,438244,15658,438212,15660,32,-2
Ferrara,Arezzo,OK,225635,8269,225583,8267,52,2
Ferrara,Ascoli Piceno,OK,368185,14009,368162,14022,23,-13
Ferrara,Asti,OK,325658,11248,325677,11248,-19,0
Ferrara,Avellino,OK,646787,21549,646745,21607,42,-58
Ferrara,Bari,OK,708447,25828,708423,25841,24,-13
Ferrara,Barletta,OK,657082,23848,657055,23862,27,-14
Ferrara,Belluno,OK,203691,6493,203694,6493,-3,0
Ferrara,Benevento,OK,629431,21432,629378,21430,53,2
Ferrara,Bergamo,OK,216825,8347,216827,8561,-2,-214
Ferrara,Biella,OK,355754,12537,355725,12538,29,-1
Ferrara,Bologna,OK,47200,1997,47199,1997,1,0
Ferrara,Bolzano - Bozen,OK,258281,9515,258283,9432,-2,83
Ferrara,Brescia,OK,172556,6573,172558,6787,-2,-214
Ferrara,Brindisi,OK,822654,29808,822630,29821,24,-13
Ferrara,Cagliari,OK,862714,26482,936280,190427,-73566,-163945
Ferrara,Caltanissetta,OK,1302387,52712,1302910,52733,-523,-21
Ferrara,Campobasso,OK,572561,21561,572537,21575,24,-14
Ferrara,Carbonia,OK,929109,29252,966576,192383,-37467,-163131
Ferrara,Caserta,OK,595289,19754,595236,19752,53,2
Ferrara,Catania,OK,1193105,48361,1193631,48382,-526,-21
Ferrara,Catanzaro,OK,1009017,36134,1009541,36154,-524,-20
Ferrara,Chieti,OK,417160,15557,416875,15560,285,-3
Ferrara,Como,OK,305805,10037,305803,10039,2,-2
Ferrara,Cosenza,OK,916029,32418,916552,32438,-523,-20
Ferrara,Cremona,OK,221849,7489,221849,7488,0,1
Ferrara,Crotone,OK,994520,37375,995044,37396,-524,-21
Ferrara,Cuneo,OK,417681,15829,417689,15829,-8,0
Ferrara,Enna,OK,1277024,51857,1277547,51877,-523,-20
Ferrara,Fermo,OK,313472,12323,313449,12336,23,-13
Ferrara,Firenze,OK,154757,6344,154704,6341,53,3
Ferrara,Foggia,OK,588008,20901,587985,20914,23,-13
Ferrara,Forlì,OK,112353,5092,112344,5091,9,1
Ferrara,Frosinone,OK,486096,16514,486043,16512,53,2
Ferrara,Genova,OK,343806,11761,343806,11759,0,2
Ferrara,Gorizia,OK,238129,8341,238145,8678,-16,-337
Ferrara,Grosseto,OK,288017,12236,288465,12232,-448,4
Ferrara,Iglesias,OK,906416,28210,939604,191381,-33188,-163171
Ferrara,Imperia,OK,442273,15891,442274,15890,-1,1
Ferrara,Isernia,OK,576752,20063,576698,20116,54,-53
Ferrara,L'Aquila,OK,440267,16103,440197,16115,70,-12
Ferrara,La Spezia,OK,253498,9340,253498,9340,0,0
Ferrara,Lanusei,OK,740961,20124,825537,186664,-84576,-166540
Ferrara,Latina,OK,488685,17396,488632,17375,53,21
Ferrara,Lecce,OK,858028,31209,858004,31223,24,-14
Ferrara,Lecco,OK,249511,10184,305385,10266,-55874,-82
Ferrara,Livorno,OK,227931,9248,227878,9246,53,2
Ferrara,Lodi,OK,229262,7474,229261,7474,1,0
Ferrara,Macerata,OK,316096,12204,316075,12217,21,-13
Ferrara,Mantova,OK,108356,5041,108356,5041,0,0
Ferrara,Massa,OK,244030,8959,243981,8957,49,2
Ferrara,Matera,OK,732998,27914,732981,27936,17,-22
Ferrara,Messina,OK,1097515,44221,1098041,44242,-526,-21
Ferrara,Milano,OK,253621,8269,253620,8271,1,-2
Ferrara,Modena,OK,85706,3695,85711,3695,-5,0
Ferrara,Monza,OK,265809,8667,265809,8669,0,-2
Ferrara,Napoli,OK,621087,20486,621034,20483,53,3
Ferrara,Novara,OK,307175,10779,307165,10781,10,-2
Ferrara,Nuoro,OK,813628,23800,765774,183446,47854,-159646
Ferrara,Olbia,OK,881684,26836,663981,179176,217703,-152340
Ferrara,Oristano,OK,894716,27297,845103,186847,49613,-159550
Ferrara,Padova,OK,76387,2878,76385,2878,2,0
Ferrara,Palermo,OK,944565,51208,1322463,53348,-377898,-2140
Ferrara,Parma,OK,138349,5374,138348,5374,1,0
Ferrara,Pavia,OK,242495,8620,242515,8621,-20,-1
Ferrara,Perugia,OK,302157,10834,302104,10832,53,2
Ferrara,Pesaro,OK,191240,7599,191240,7613,0,-14
Ferrara,Piacenza,OK,192823,6402,192822,6398,1,4
Ferrara,Pisa,OK,219614,8369,219562,8358,52,11
Ferrara,Pistoia,OK,162869,6205,163270,6239,-401,-34
Ferrara,Pordenone,OK,185150,5741,185152,6015,-2,-274
Ferrara,Potenza,OK,694990,26453,694966,26466,24,-13
Ferrara,Prato,OK,146271,5823,146218,5821,53,2
Ferrara,Ragusa,OK,1298965,53699,1299306,53719,-341,-20
Ferrara,Ravenna,OK,75060,4428,75057,4428,3,0
Ferrara,Reggio di Calabria,OK,1099707,39598,1100233,39619,-526,-21
Ferrara,Rieti,OK,412446,14553,412390,14550,56,3
Ferrara,Rimini,OK,158629,6216,158629,6230,0,-14
Ferrara,Roma,OK,423155,14825,423102,14822,53,3
Ferrara,Rovigo,OK,38335,1496,38352,1497,-17,-1
Ferrara,Salerno,OK,663053,22166,663001,22163,52,3
Ferrara,Sanluri,OK,858376,25845,892252,188372,-33876,-162527
Ferrara,Sassari,OK,924822,29153,762826,184541,161996,-155388
Ferrara,Savona,OK,366894,12911,366902,12911,-8,0
Ferrara,Siena,OK,214507,8711,214454,8709,53,2
Ferrara,Siracusa,OK,1258031,50844,1258557,50865,-526,-21
Ferrara,Sondrio,OK,309445,13762,385009,14020,-75564,-258
Ferrara,Taranto,OK,792389,29441,792406,29457,-17,-16
Ferrara,Tempio Pausania,OK,922789,29042,706143,181390,216646,-152348
Ferrara,Teramo,OK,382458,14319,382431,14326,27,-7
Ferrara,Terni,OK,376696,12538,376644,12536,52,2
Ferrara,Torino,OK,372656,13248,372655,13248,1,0
Ferrara,Tortolì,OK,722915,19282,823444,186592,-100529,-167310
Ferrara,Trani,OK,668073,24257,668049,24271,24,-14
Ferrara,Trapani,OK,1044614,55153,1425417,57535,-380803,-2382
Ferrara,Trento,OK,202234,7316,202236,7233,-2,83
Ferrara,Treviso,OK,127567,4338,127570,4338,-3,0
Ferrara,Trieste,OK,267455,8749,267429,9118,26,-369
Ferrara,Udine,OK,227369,7632,227695,8072,-326,-440
Ferrara,Urbino,OK,214796,9088,214795,9102,1,-14
Ferrara,Varese,OK,313851,10342,313850,10344,1,-2
Ferrara,Venezia,OK,112690,3807,112164,3760,526,47
Ferrara,Verbania,OK,358200,12362,358204,12364,-4,-2
Ferrara,Vercelli,OK,338231,11781,338226,11783,5,-2
Ferrara,Verona,OK,106999,4410,108775,4392,-1776,18
Ferrara,Vibo Valentia,OK,1010621,36702,1011145,36723,-524,-21
Ferrara,Vicenza,OK,108675,3830,108676,3832,-1,-2
Ferrara,Villacidro,OK,886192,27220,909166,189641,-22974,-162421
Ferrara,Viterbo,OK,364510,12539,364464,12538,46,1
Firenze,Agrigento,OK,1203852,50520,1204427,50543,-575,-23
Firenze,Alessandria,OK,340408,11873,340032,12373,376,-500
Firenze,Ancona,OK,286276,11882,286276,11882,0,0
Firenze,Andria,OK,624010,22025,624780,22074,-770,-49
Firenze,Aosta,OK,488661,17511,488553,17992,108,-481
Firenze,Arezzo,OK,76630,2940,76631,2940,-1,0
Firenze,Ascoli Piceno,OK,298344,12714,298379,12715,-35,-1
Firenze,Asti,OK,376075,13101,376018,13580,57,-479
Firenze,Avellino,OK,497782,16220,497794,16280,-12,-60
Firenze,Bari,OK,674629,24078,675400,24128,-771,-50
Firenze,Barletta,OK,623264,22099,624032,22148,-768,-49
Firenze,Belluno,OK,350685,11467,350612,11847,73,-380
Firenze,Benevento,OK,480427,16103,480427,16103,0,0
Firenze,Bergamo,OK,331407,11584,348385,12123,-16978,-539
Firenze,Biella,OK,406171,14390,406066,14869,105,-479
Firenze,Bologna,OK,107618,4372,107543,4752,75,-380
Firenze,Bolzano - Bozen,OK,372716,12625,372640,13103,76,-478
Firenze,Brescia,OK,287138,9810,287062,10503,76,-693
Firenze,Brindisi,OK,788837,28058,789607,28108,-770,-50
Firenze,Cagliari,OK,713710,21153,787328,185100,-73618,-163947
Firenze,Caltanissetta,OK,1153383,47383,1153958,47406,-575,-23
Firenze,Campobasso,OK,476830,17430,476829,17486,1,-56
Firenze,Carbonia,OK,780104,23923,817624,187056,-37520,-163133
Firenze,Caserta,OK,446284,14425,446285,14425,-1,0
Firenze,Catania,OK,1044100,43032,1044679,43055,-579,-23
Firenze,Catanzaro,OK,860012,30804,860589,30827,-577,-23
Firenze,Chieti,OK,446572,14292,443196,14303,3376,-11
Firenze,Como,OK,356221,11890,356144,12371,77,-481
Firenze,Cosenza,OK,767024,27088,767600,27111,-576,-23
Firenze,Cremona,OK,272266,9342,272190,9820,76,-478
Firenze,Crotone,OK,845516,32046,846092,32069,-576,-23
Firenze,Cuneo,OK,377828,14775,377835,14776,-7,-1
Firenze,Enna,OK,1128020,46527,1128595,46550,-575,-23
Firenze,Fermo,OK,307401,12592,307400,12597,1,-5
Firenze,Ferrara,OK,152449,5795,152373,6175,76,-380
Firenze,Foggia,OK,627707,19946,627728,19948,-21,-2
Firenze,Forlì,OK,108930,6460,108958,6460,-28,0
Firenze,Frosinone,OK,337092,11185,337092,11185,0,0
Firenze,Genova,OK,237718,9177,237718,9175,0,2
Firenze,Gorizia,OK,385123,13314,385063,14031,60,-717
Firenze,Grosseto,OK,142756,7107,143256,7104,-500,3
Firenze,Iglesias,OK,757412,22881,790653,186054,-33241,-163173
Firenze,Imperia,OK,354335,13758,354335,13758,0,0
Firenze,Isernia,OK,427748,14733,427747,14789,1,-56
Firenze,L'Aquila,OK,363667,11539,363665,11539,2,0
Firenze,La Spezia,OK,151347,5643,151347,5643,0,0
Firenze,Lanusei,OK,591957,14795,676586,181337,-84629,-166542
Firenze,Latina,OK,339681,12066,339681,12048,0,18
Firenze,Lecce,OK,824210,29460,824980,29509,-770,-49
Firenze,Lecco,OK,355803,12117,355726,12598,77,-481
Firenze,Livorno,OK,91514,4330,91514,4330,0,0
Firenze,Lodi,OK,279679,9327,279602,9805,77,-478
Firenze,Macerata,OK,274778,11057,274779,11052,-1,5
Firenze,Mantova,OK,202358,7125,202282,7603,76,-478
Firenze,Massa,OK,123318,4570,123322,4570,-4,0
Firenze,Matera,OK,671249,25800,671997,25863,-748,-63
Firenze,Messina,OK,948511,38892,949090,38915,-579,-23
Firenze,Milano,OK,304038,10122,303961,10602,77,-480
Firenze,Modena,OK,136123,5548,136052,6026,71,-478
Firenze,Monza,OK,316226,10520,316150,11000,76,-480
Firenze,Napoli,OK,472082,15156,472082,15156,0,0
Firenze,Novara,OK,357592,12632,357506,13112,86,-480
Firenze,Nuoro,OK,664624,18471,616822,178119,47802,-159648
Firenze,Olbia,OK,732680,21507,515030,173849,217650,-152342
Firenze,Oristano,OK,745711,21968,696152,181520,49559,-159552
Firenze,Padova,OK,223381,7852,223303,8232,78,-380
Firenze,Palermo,OK,795561,45879,1173512,48021,-377951,-2142
Firenze,Parma,OK,188765,7227,188690,7705,75,-478
Firenze,Pavia,OK,292912,10473,292856,10953,56,-480
Firenze,Perugia,OK,153152,5505,153152,5505,0,0
Firenze,Pesaro,OK,197844,10241,197870,10241,-26,0
Firenze,Piacenza,OK,243239,8255,243163,8730,76,-475
Firenze,Pisa,OK,82635,3857,82635,3857,0,0
Firenze,Pistoia,OK,42158,1816,42611,1852,-453,-36
Firenze,Pordenone,OK,332144,10715,332070,11369,74,-654
Firenze,Potenza,OK,626414,21952,626415,21952,-1,0
Firenze,Prato,OK,25560,1434,25560,1434,0,0
Firenze,Ragusa,OK,1149961,48369,1150355,48392,-394,-23
Firenze,Ravenna,OK,187544,7572,187467,7952,77,-380
Firenze,Reggio di Calabria,OK,950703,34269,951282,34292,-579,-23
Firenze,Rieti,OK,263442,9224,263439,9223,3,1
Firenze,Rimini,OK,165234,8858,165258,8858,-24,0
Firenze,Roma,OK,274151,9495,274151,9495,0,0
Firenze,Rovigo,OK,185330,6470,185270,6851,60,-381
Firenze,Salerno,OK,514049,16836,514049,16836,0,0
Firenze,Sanluri,OK,709372,20516,743301,183045,-33929,-162529
Firenze,Sassari,OK,775817,23824,613874,179214,161943,-155390
Firenze,Savona,OK,278956,10778,278963,10779,-7,-1
Firenze,Siena,OK,69245,3581,69245,3581,0,0
Firenze,Siracusa,OK,1109026,45515,1109605,45538,-579,-23
Firenze,Sondrio,OK,435361,15792,435351,16351,10,-559
Firenze,Taranto,OK,758572,27691,759383,27744,-811,-53
Firenze,Tempio Pausania,OK,773784,23713,557191,176063,216593,-152350
Firenze,Teramo,OK,421311,13139,421342,13141,-31,-2
Firenze,Terni,OK,227692,7209,227692,7209,0,0
Firenze,Torino,OK,423073,15101,422996,15579,77,-478
Firenze,Tortolì,OK,573911,13953,674493,181265,-100582,-167312
Firenze,Trani,OK,634255,22508,635025,22557,-770,-49
Firenze,Trapani,OK,895610,49823,1276466,52208,-380856,-2385
Firenze,Trento,OK,316669,10426,316593,10905,76,-479
Firenze,Treviso,OK,274561,9312,274488,9692,73,-380
Firenze,Trieste,OK,414450,13723,414347,14472,103,-749
Firenze,Udine,OK,374363,12606,374612,13426,-249,-820
Firenze,Urbino,OK,180392,8795,180394,8796,-2,-1
Firenze,Varese,OK,364268,12195,364191,12676,77,-481
Firenze,Venezia,OK,259684,8780,259082,9114,602,-334
Firenze,Verbania,OK,408617,14216,408545,14696,72,-480
Firenze,Vercelli,OK,388648,13634,388567,14115,81,-481
Firenze,Verona,OK,234687,8145,234618,8589,69,-444
Firenze,Vibo Valentia,OK,861617,31373,862194,31396,-577,-23
Firenze,Vicenza,OK,255669,8804,255593,9186,76,-382
Firenze,Villacidro,OK,737187,21891,760215,184314,-23028,-162423
Firenze,Viterbo,OK,215506,7210,215513,7211,-7,-1
Foggia,Agrigento,OK,763026,38807,763601,38919,-575,-112
Foggia,Alessandria,OK,795399,28039,795087,28060,312,-21
Foggia,Ancona,OK,344348,11988,344348,11988,0,0
Foggia,Andria,OK,81680,3681,81680,3681,0,0
Foggia,Aosta,OK,943652,33677,943609,33679,43,-2
Foggia,Arezzo,OK,572115,18579,572145,18580,-30,-1
Foggia,Ascoli Piceno,OK,279651,9777,279651,9777,0,0
Foggia,Asti,OK,831067,29267,831073,29267,-6,0
Foggia,Avellino,OK,113589,6417,113609,6417,-20,0
Foggia,Bari,OK,132300,5734,132299,5734,1,0
Foggia,Barletta,OK,73611,3504,73608,3504,3,0
Foggia,Belluno,OK,786777,26773,786768,26772,9,1
Foggia,Benevento,OK,93405,5283,93423,5284,-18,-1
Foggia,Bergamo,OK,786398,27749,803440,27810,-17042,-61
Foggia,Biella,OK,861162,30556,861121,30556,41,0
Foggia,Bologna,OK,547137,19797,547125,19796,12,1
Foggia,Bolzano - Bozen,OK,827707,28791,827695,28790,12,1
Foggia,Brescia,OK,742130,25975,742118,26190,12,-215
Foggia,Brindisi,OK,246507,9714,246506,9714,1,0
Foggia,Cagliari,OK,915707,26666,989347,190597,-73640,-163931
Foggia,Caltanissetta,OK,712557,35669,713133,35782,-576,-113
Foggia,Campobasso,OK,88267,4849,88269,4850,-2,-1
Foggia,Carbonia,OK,982101,29436,1019643,192552,-37542,-163116
Foggia,Caserta,OK,143748,8174,143767,8171,-19,3
Foggia,Catania,OK,603274,31318,603853,31431,-579,-113
Foggia,Catanzaro,OK,419187,19091,419763,19203,-576,-112
Foggia,Chieti,OK,189596,7041,198050,7131,-8454,-90
Foggia,Como,OK,811213,28056,811200,28058,13,-2
Foggia,Cosenza,OK,326198,15375,326774,15487,-576,-112
Foggia,Cremona,OK,727257,25508,727245,25507,12,1
Foggia,Crotone,OK,429196,20117,429196,20117,0,0
Foggia,Cuneo,OK,923090,33848,923085,33848,5,0
Foggia,Enna,OK,687194,34814,687769,34926,-575,-112
Foggia,Fermo,OK,291426,9996,291426,9996,0,0
Foggia,Ferrara,OK,588541,21101,588529,21101,12,0
Foggia,Firenze,OK,627939,20221,628295,20221,-356,0
Foggia,Forlì,OK,490842,17715,490830,17714,12,1
Foggia,Frosinone,OK,241531,10592,241550,10593,-19,-1
Foggia,Genova,OK,862353,28679,862383,28678,-30,1
Foggia,Gorizia,OK,821215,28621,821219,28957,-4,-336
Foggia,Grosseto,OK,571773,20131,571803,20115,-30,16
Foggia,Iglesias,OK,959409,28394,992672,191550,-33263,-163156
Foggia,Imperia,OK,978969,33260,978999,33261,-30,-1
Foggia,Isernia,OK,139524,7880,139526,7880,-2,0
Foggia,L'Aquila,OK,290956,10478,273755,10369,17201,109
Foggia,La Spezia,OK,775981,25145,776011,25145,-30,0
Foggia,Lanusei,OK,793954,20308,878605,186834,-84651,-166526
Foggia,Latina,OK,288207,13212,288225,13216,-18,-4
Foggia,Lecce,OK,281881,11116,281880,11116,1,0
Foggia,Lecco,OK,810794,28283,810781,28285,13,-2
Foggia,Livorno,OK,717331,23902,717360,23902,-29,0
Foggia,Lodi,OK,734670,25493,734657,25492,13,1
Foggia,Macerata,OK,327840,11584,327842,11584,-2,0
Foggia,Mantova,OK,657349,23291,657338,23290,11,1
Foggia,Massa,OK,747953,24072,747986,24073,-33,-1
Foggia,Matera,OK,156851,7820,156858,7829,-7,-9
Foggia,Messina,OK,507685,27179,508264,27291,-579,-112
Foggia,Milano,OK,759029,26288,759016,26289,13,-1
Foggia,Modena,OK,591114,21714,591107,21713,7,1
Foggia,Monza,OK,771218,26686,771205,26687,13,-1
Foggia,Napoli,OK,166761,8068,166794,8075,-33,-7
Foggia,Novara,OK,812584,28798,812562,28799,22,-1
Foggia,Nuoro,OK,866621,23984,818841,183616,47780,-159632
Foggia,Olbia,OK,934677,27020,717049,179345,217628,-152325
Foggia,Oristano,OK,947708,27481,898171,187016,49537,-159535
Foggia,Padova,OK,659473,23158,659459,23157,14,1
Foggia,Palermo,OK,732107,36282,732686,36397,-579,-115
Foggia,Parma,OK,643757,23393,643745,23392,12,1
Foggia,Pavia,OK,747903,26639,747911,26640,-8,-1
Foggia,Perugia,OK,446414,16885,446413,16889,1,-4
Foggia,Pesaro,OK,407586,14425,407575,14425,11,0
Foggia,Piacenza,OK,698231,24421,698219,24417,12,4
Foggia,Pisa,OK,708451,23429,708481,23430,-30,-1
Foggia,Pistoia,OK,666792,21318,667275,21355,-483,-37
Foggia,Pordenone,OK,768236,26021,768226,26294,10,-273
Foggia,Potenza,OK,107046,5593,107046,5593,0,0
Foggia,Prato,OK,650194,20936,650224,20936,-30,0
Foggia,Ragusa,OK,709135,36656,709529,36768,-394,-112
Foggia,Ravenna,OK,496318,17853,496307,17815,11,38
Foggia,Reggio di Calabria,OK,509877,22556,510456,22668,-579,-112
Foggia,Rieti,OK,350450,12583,350451,12578,-1,5
Foggia,Rimini,OK,438020,15462,438008,15461,12,1
Foggia,Roma,OK,382927,12703,382956,12688,-29,15
Foggia,Rovigo,OK,621422,21776,621426,21777,-4,-1
Foggia,Salerno,OK,143878,7581,143898,7580,-20,1
Foggia,Sanluri,OK,911369,26029,945320,188542,-33951,-162513
Foggia,Sassari,OK,977814,29337,815893,184710,161921,-155373
Foggia,Savona,OK,903590,30280,903628,30282,-38,-2
Foggia,Siena,OK,601713,19741,601743,19742,-30,-1
Foggia,Siracusa,OK,668200,33802,668779,33914,-579,-112
Foggia,Sondrio,OK,890352,31957,890406,32038,-54,-81
Foggia,Taranto,OK,216242,9347,216283,9350,-41,-3
Foggia,Tempio Pausania,OK,975781,29226,759210,181559,216571,-152333
Foggia,Teramo,OK,248243,8846,248240,8839,3,7
Foggia,Terni,OK,384916,14368,384917,14363,-1,5
Foggia,Torino,OK,878064,31267,878052,31266,12,1
Foggia,Tortolì,OK,775908,19466,876512,186761,-100604,-167295
Foggia,Trani,OK,85619,4018,85619,4018,0,0
Foggia,Trapani,OK,835061,40469,835640,40584,-579,-115
Foggia,Trento,OK,771660,26592,771649,26592,11,0
Foggia,Treviso,OK,710653,24618,710644,24618,9,0
Foggia,Trieste,OK,850541,29029,850503,29397,38,-368
Foggia,Udine,OK,810455,27912,810769,28352,-314,-440
Foggia,Urbino,OK,433867,15500,433856,15499,11,1
Foggia,Varese,OK,819259,28361,819246,28363,13,-2
Foggia,Venezia,OK,695776,24087,695238,24040,538,47
Foggia,Verbania,OK,863608,30381,863600,30383,8,-2
Foggia,Vercelli,OK,843639,29800,843622,29802,17,-2
Foggia,Verona,OK,689678,24311,689673,24276,5,35
Foggia,Vibo Valentia,OK,420791,19659,421368,19772,-577,-113
Foggia,Vicenza,OK,691761,24110,691749,24111,12,-1
Foggia,Villacidro,OK,939184,27404,962234,189811,-23050,-162407
Foggia,Viterbo,OK,461672,15833,461702,15833,-30,0
Forlì,Agrigento,OK,1281732,55232,1282313,55256,-581,-24
Forlì,Alessandria,OK,324185,11773,318374,11796,5811,-23
Forlì,Ancona,OK,154972,7777,154985,7779,-13,-2
Forlì,Andria,OK,557120,20252,557103,20251,17,1
Forlì,Aosta,OK,472438,17411,466895,17415,5543,-4
Forlì,Arezzo,OK,140536,6679,140542,6679,-6,0
Forlì,Ascoli Piceno,OK,267478,10486,267461,10486,17,0
Forlì,Asti,OK,359853,13001,354360,13003,5493,-2
Forlì,Avellino,OK,575662,20932,575680,20992,-18,-60
Forlì,Bari,OK,607739,22305,607722,22305,17,0
Forlì,Barletta,OK,556374,20326,556354,20325,20,1
Forlì,Belluno,OK,315563,10507,310055,10508,5508,-1
Forlì,Benevento,OK,558306,20815,558313,20815,-7,0
Forlì,Bergamo,OK,315184,11484,326727,11545,-11543,-61
Forlì,Biella,OK,389948,14290,384408,14292,5540,-2
Forlì,Bologna,OK,75923,3531,70412,3532,5511,-1
Forlì,Bolzano - Bozen,OK,356493,12525,350982,12526,5511,-1
Forlì,Brescia,OK,270916,9710,265404,9926,5512,-216
Forlì,Brindisi,OK,721947,26285,721929,26285,18,0
Forlì,Cagliari,OK,791589,25865,865215,189813,-73626,-163948
Forlì,Caltanissetta,OK,1231263,52095,1231845,52119,-582,-24
Forlì,Campobasso,OK,471854,18039,471836,18038,18,1
Forlì,Carbonia,OK,857984,28635,895510,191768,-37526,-163133
Forlì,Caserta,OK,524164,19137,524171,19138,-7,-1
Forlì,Catania,OK,1121980,47744,1122565,47767,-585,-23
Forlì,Catanzaro,OK,937892,35516,938476,35540,-584,-24
Forlì,Chieti,OK,316453,12035,316174,12024,279,11
Forlì,Como,OK,339999,11790,334487,11793,5512,-3
Forlì,Cosenza,OK,844904,31800,845486,31824,-582,-24
Forlì,Cremona,OK,256044,9242,250532,9242,5512,0
Forlì,Crotone,OK,904636,36688,904619,36688,17,0
Forlì,Cuneo,OK,451876,17582,446372,17583,5504,-1
Forlì,Enna,OK,1205899,51239,1206481,51263,-582,-24
Forlì,Fermo,OK,212765,8800,212748,8800,17,0
Forlì,Ferrara,OK,117327,4835,111816,4836,5511,-1
Forlì,Firenze,OK,108571,6344,108607,6344,-36,0
Forlì,Foggia,OK,487301,17378,487284,17378,17,0
Forlì,Frosinone,OK,414972,15897,414978,15897,-6,0
Forlì,Genova,OK,378001,13514,372489,13513,5512,1
Forlì,Gorizia,OK,350001,12355,344506,12693,5495,-338
Forlì,Grosseto,OK,276795,12808,277302,12807,-507,1
Forlì,Iglesias,OK,835291,27593,868539,190766,-33248,-163173
Forlì,Imperia,OK,476468,17644,470957,17645,5511,-1
Forlì,Isernia,OK,440916,17577,440904,17577,12,0
Forlì,L'Aquila,OK,339560,12580,339496,12579,64,1
Forlì,La Spezia,OK,287692,11093,282181,11094,5511,-1
Forlì,Lanusei,OK,669837,19507,754472,186050,-84635,-166543
Forlì,Latina,OK,417560,16778,417567,16760,-7,18
Forlì,Lecce,OK,757320,27687,757303,27686,17,1
Forlì,Lecco,OK,339580,12017,334068,12021,5512,-4
Forlì,Livorno,OK,205496,10389,205532,10389,-36,0
Forlì,Lodi,OK,263456,9228,257944,9228,5512,0
Forlì,Macerata,OK,215388,8681,215374,8681,14,0
Forlì,Mantova,OK,186136,7025,180624,7026,5512,-1
Forlì,Massa,OK,229107,10360,229113,10360,-6,0
Forlì,Matera,OK,632291,24391,632280,24400,11,-9
Forlì,Messina,OK,1026391,43604,1026976,43627,-585,-23
Forlì,Milano,OK,287816,10022,282303,10025,5513,-3
Forlì,Modena,OK,119900,5448,114394,5449,5506,-1
Forlì,Monza,OK,300004,10420,294492,10423,5512,-3
Forlì,Napoli,OK,549962,19868,549968,19869,-6,-1
Forlì,Novara,OK,341370,12532,335849,12535,5521,-3
Forlì,Nuoro,OK,742504,23183,694708,182832,47796,-159649
Forlì,Olbia,OK,810560,26219,592916,178561,217644,-152342
Forlì,Oristano,OK,823591,26680,774038,186232,49553,-159552
Forlì,Padova,OK,188259,6892,182746,6893,5513,-1
Forlì,Palermo,OK,873440,50590,1251398,52734,-377958,-2144
Forlì,Parma,OK,172543,7128,167032,7128,5511,0
Forlì,Pavia,OK,276689,10374,271198,10375,5491,-1
Forlì,Perugia,OK,174028,8141,174042,8142,-14,-1
Forlì,Pesaro,OK,90532,4076,90539,4077,-7,-1
Forlì,Piacenza,OK,227017,8155,221506,8153,5511,2
Forlì,Pisa,OK,204691,9770,204694,9761,-3,9
Forlì,Pistoia,OK,147946,7605,148402,7642,-456,-37
Forlì,Pordenone,OK,297022,9755,291513,10030,5509,-275
Forlì,Potenza,OK,594282,22930,594265,22930,17,0
Forlì,Prato,OK,131348,7223,131351,7223,-3,0
Forlì,Ragusa,OK,1227840,53081,1228241,53105,-401,-24
Forlì,Ravenna,OK,29754,1885,29760,1885,-6,0
Forlì,Reggio di Calabria,OK,1028582,38981,1029168,39005,-586,-24
Forlì,Rieti,OK,284309,12465,284313,12465,-4,0
Forlì,Rimini,OK,57922,2693,57928,2694,-6,-1
Forlì,Roma,OK,352031,14207,352037,14208,-6,-1
Forlì,Rovigo,OK,150208,5511,144712,5512,5496,-1
Forlì,Salerno,OK,591928,21548,591935,21549,-7,-1
Forlì,Sanluri,OK,787251,25227,821187,187758,-33936,-162531
Forlì,Sassari,OK,853697,28536,691760,183926,161937,-155390
Forlì,Savona,OK,401089,14664,395585,14666,5504,-2
Forlì,Siena,OK,206505,9303,206512,9304,-7,-1
Forlì,Siracusa,OK,1186906,50227,1187491,50251,-585,-24
Forlì,Sondrio,OK,419138,15692,413693,15774,5445,-82
Forlì,Taranto,OK,691682,25918,691706,25921,-24,-3
Forlì,Tempio Pausania,OK,851664,28424,635078,180775,216586,-152351
Forlì,Teramo,OK,281750,10796,281730,10789,20,7
Forlì,Terni,OK,248559,10450,248566,10451,-7,-1
Forlì,Torino,OK,406850,15001,401339,15002,5511,-1
Forlì,Tortolì,OK,651791,18665,752379,185977,-100588,-167312
Forlì,Trani,OK,567365,20735,567348,20734,17,1
Forlì,Trapani,OK,973490,54535,1354352,56921,-380862,-2386
Forlì,Trento,OK,300447,10326,294935,10327,5512,-1
Forlì,Treviso,OK,239439,8353,233931,8353,5508,0
Forlì,Trieste,OK,379328,12764,373790,13133,5538,-369
Forlì,Udine,OK,339242,11646,334055,12087,5187,-441
Forlì,Urbino,OK,114088,5565,114095,5566,-7,-1
Forlì,Varese,OK,348045,12095,342533,12098,5512,-3
Forlì,Venezia,OK,224562,7821,218525,7775,6037,46
Forlì,Verbania,OK,392394,14116,386887,14119,5507,-3
Forlì,Vercelli,OK,372425,13534,366909,13537,5516,-3
Forlì,Verona,OK,218464,8045,212960,8011,5504,34
Forlì,Vibo Valentia,OK,939497,36084,940080,36108,-583,-24
Forlì,Vicenza,OK,220548,7844,215036,7847,5512,-3
Forlì,Villacidro,OK,815067,26603,838101,189027,-23034,-162424
Forlì,Viterbo,OK,293385,11922,293399,11923,-14,-1
Frosinone,Agrigento,OK,875698,40380,876273,40403,-575,-23
Frosinone,Alessandria,OK,673373,22346,672997,22846,376,-500
Frosinone,Ancona,OK,353264,11819,353295,11821,-31,-2
Frosinone,Andria,OK,295856,11884,296626,11934,-770,-50
Frosinone,Aosta,OK,821626,27983,821518,28464,108,-481
Frosinone,Arezzo,OK,280445,9549,280446,9550,-1,-1
Frosinone,Ascoli Piceno,OK,251841,8697,251872,8698,-31,-1
Frosinone,Asti,OK,709040,23573,708983,24052,57,-479
Frosinone,Avellino,OK,169628,6080,169639,6139,-11,-59
Frosinone,Bari,OK,346475,13938,347245,13987,-770,-49
Frosinone,Barletta,OK,295110,11958,295877,12008,-767,-50
Frosinone,Belluno,OK,683650,21939,683577,22319,73,-380
Frosinone,Benevento,OK,152272,5962,152272,5962,0,0
Frosinone,Bergamo,OK,664372,22056,681350,22595,-16978,-539
Frosinone,Biella,OK,739136,24863,739031,25342,105,-479
Frosinone,Bologna,OK,440583,14844,440508,15224,75,-380
Frosinone,Bolzano - Bozen,OK,705681,23097,705605,23576,76,-479
Frosinone,Brescia,OK,620103,20282,620027,20976,76,-694
Frosinone,Brindisi,OK,460682,17918,461452,17967,-770,-49
Frosinone,Cagliari,OK,609213,17137,682825,181083,-73612,-163946
Frosinone,Caltanissetta,OK,825229,37242,825804,37265,-575,-23
Frosinone,Campobasso,OK,148676,7290,148675,7345,1,-55
Frosinone,Carbonia,OK,675608,19907,713120,183039,-37512,-163132
Frosinone,Caserta,OK,118130,4284,118130,4284,0,0
Frosinone,Catania,OK,715946,32891,716525,32914,-579,-23
Frosinone,Catanzaro,OK,531858,20664,532435,20687,-577,-23
Frosinone,Chieti,OK,172042,7075,168644,7085,3398,-10
Frosinone,Como,OK,689187,22363,689109,22843,78,-480
Frosinone,Cosenza,OK,438870,16948,439446,16971,-576,-23
Frosinone,Cremona,OK,605231,19814,605155,20292,76,-478
Frosinone,Crotone,OK,517362,21906,517938,21928,-576,-22
Frosinone,Cuneo,OK,710793,25248,710800,25248,-7,0
Frosinone,Enna,OK,799865,36387,800441,36410,-576,-23
Frosinone,Fermo,OK,300342,9828,300373,9829,-31,-1
Frosinone,Ferrara,OK,485414,16267,485338,16648,76,-381
Frosinone,Firenze,OK,336270,11191,336596,11191,-326,0
Frosinone,Foggia,OK,261583,10535,262354,10584,-771,-49
Frosinone,Forlì,OK,413427,15840,413427,15840,0,0
Frosinone,Genova,OK,570684,19649,570684,19647,0,2
Frosinone,Gorizia,OK,718088,23787,718028,24504,60,-717
Frosinone,Grosseto,OK,265280,10602,265280,10602,0,0
Frosinone,Iglesias,OK,652915,18865,686149,182037,-33234,-163172
Frosinone,Imperia,OK,687300,24231,687300,24230,0,1
Frosinone,Isernia,OK,99593,4593,99592,4648,1,-55
Frosinone,L'Aquila,OK,160064,5117,160062,5116,2,1
Frosinone,La Spezia,OK,484312,16115,484312,16115,0,0
Frosinone,Lanusei,OK,487461,10779,572082,177320,-84621,-166541
Frosinone,Latina,OK,54886,3149,54886,3152,0,-3
Frosinone,Lecce,OK,496056,19319,496826,19369,-770,-50
Frosinone,Lecco,OK,688768,22590,688691,23070,77,-480
Frosinone,Livorno,OK,425661,14872,425661,14872,0,0
Frosinone,Lodi,OK,612644,19800,612567,20278,77,-478
Frosinone,Macerata,OK,336755,11416,336789,11417,-34,-1
Frosinone,Mantova,OK,535323,17598,535247,18076,76,-478
Frosinone,Massa,OK,456283,15042,456287,15043,-4,-1
Frosinone,Matera,OK,343094,15659,343843,15723,-749,-64
Frosinone,Messina,OK,620357,28752,620936,28774,-579,-22
Frosinone,Milano,OK,637003,20594,636926,21075,77,-481
Frosinone,Modena,OK,469088,16021,469017,16499,71,-478
Frosinone,Monza,OK,649191,20992,649115,21473,76,-481
Frosinone,Napoli,OK,143928,5016,143928,5016,0,0
Frosinone,Novara,OK,690557,23104,690471,23585,86,-481
Frosinone,Nuoro,OK,560127,14455,512319,174102,47808,-159647
Frosinone,Olbia,OK,628184,17491,410526,169832,217658,-152341
Frosinone,Oristano,OK,641215,17952,591648,177503,49567,-159551
Frosinone,Padova,OK,556346,18324,556268,18704,78,-380
Frosinone,Palermo,OK,467406,35738,845358,37881,-377952,-2143
Frosinone,Parma,OK,521731,17700,521655,18178,76,-478
Frosinone,Pavia,OK,625877,20946,625821,21425,56,-479
Frosinone,Perugia,OK,234478,9063,234477,9063,1,0
Frosinone,Pesaro,OK,416502,14257,416521,14258,-19,-1
Frosinone,Piacenza,OK,576204,18728,576128,19202,76,-474
Frosinone,Pisa,OK,416782,14399,416782,14399,0,0
Frosinone,Pistoia,OK,375123,12288,375576,12325,-453,-37
Frosinone,Pordenone,OK,665109,21187,665035,21841,74,-654
Frosinone,Potenza,OK,298260,11811,298261,11811,-1,0
Frosinone,Prato,OK,358525,11906,358525,11906,0,0
Frosinone,Ragusa,OK,821806,38229,822200,38252,-394,-23
Frosinone,Ravenna,OK,427770,16355,427770,16317,0,38
Frosinone,Reggio di Calabria,OK,622548,24129,623127,24152,-579,-23
Frosinone,Rieti,OK,155190,6115,155191,6109,-1,6
Frosinone,Rimini,OK,446936,15293,446955,15294,-19,-1
Frosinone,Roma,OK,85503,3577,85503,3577,0,0
Frosinone,Rovigo,OK,518295,16943,518235,17324,60,-381
Frosinone,Salerno,OK,185894,6696,185895,6696,-1,0
Frosinone,Sanluri,OK,604875,16500,638797,179028,-33922,-162528
Frosinone,Sassari,OK,671321,19808,509370,175197,161951,-155389
Frosinone,Savona,OK,611921,21251,611929,21251,-8,0
Frosinone,Siena,OK,310044,10712,310044,10712,0,0
Frosinone,Siracusa,OK,780872,35375,781451,35398,-579,-23
Frosinone,Sondrio,OK,768326,26264,768316,26824,10,-560
Frosinone,Taranto,OK,430417,17551,431229,17603,-812,-52
Frosinone,Tempio Pausania,OK,669288,19697,452688,172046,216600,-152349
Frosinone,Teramo,OK,217707,6717,217738,6718,-31,-1
Frosinone,Terni,OK,165536,6433,165537,6433,-1,0
Frosinone,Torino,OK,756038,25574,755962,26052,76,-478
Frosinone,Tortolì,OK,469415,9937,569989,177248,-100574,-167311
Frosinone,Trani,OK,306101,12367,306871,12417,-770,-50
Frosinone,Trapani,OK,567456,39683,948312,42068,-380856,-2385
Frosinone,Trento,OK,649634,20899,649558,21377,76,-478
Frosinone,Treviso,OK,607526,19785,607453,20165,73,-380
Frosinone,Trieste,OK,747415,24196,747312,24944,103,-748
Frosinone,Udine,OK,707329,23078,707577,23899,-248,-821
Frosinone,Urbino,OK,324342,14334,324336,14347,6,-13
Frosinone,Varese,OK,697233,22668,697156,23148,77,-480
Frosinone,Venezia,OK,592649,19253,592047,19587,602,-334
Frosinone,Verbania,OK,741582,24688,741510,25168,72,-480
Frosinone,Vercelli,OK,721613,24107,721532,24587,81,-480
Frosinone,Verona,OK,567652,18618,567583,19061,69,-443
Frosinone,Vibo Valentia,OK,533463,21232,534040,21255,-577,-23
Frosinone,Vicenza,OK,588634,19276,588558,19658,76,-382
Frosinone,Villacidro,OK,632691,17875,655711,180297,-23020,-162422
Frosinone,Viterbo,OK,170003,6803,170003,6803,0,0
Genova,Agrigento,OK,1441876,58962,1442450,58985,-574,-23
Genova,Alessandria,OK,84569,3761,84857,3774,-288,-13
Genova,Ancona,OK,508110,19317,508115,19332,-5,-15
Genova,Andria,OK,862033,30466,862804,30516,-771,-50
Genova,Aosta,OK,246308,10248,246278,10248,30,0
Genova,Arezzo,OK,314653,11382,314654,11382,-1,0
Genova,Ascoli Piceno,OK,536368,21156,536402,21157,-34,-1
Genova,Asti,OK,122394,5302,122413,5303,-19,-1
Genova,Avellino,OK,735806,24662,735817,24722,-11,-60
Genova,Bari,OK,912652,32520,913423,32570,-771,-50
Genova,Barletta,OK,861287,30540,862055,30590,-768,-50
Genova,Belluno,OK,486109,15994,486112,16763,-3,-769
Genova,Benevento,OK,718450,24545,718450,24545,0,0
Genova,Bergamo,OK,191470,7010,191472,7010,-2,0
Genova,Biella,OK,186293,8065,186265,8063,28,2
Genova,Bologna,OK,294489,9848,294490,9848,-1,0
Genova,Bolzano - Bozen,OK,422856,14441,422858,15163,-2,-722
Genova,Brescia,OK,228237,8124,228237,8467,0,-343
Genova,Brindisi,OK,1026860,36500,1027630,36550,-770,-50
Genova,Cagliari,OK,951733,29595,1025352,193542,-73619,-163947
Genova,Caltanissetta,OK,1391406,55825,1391982,55848,-576,-23
Genova,Campobasso,OK,714854,25872,714853,25928,1,-56
Genova,Carbonia,OK,1018127,32365,1055647,195498,-37520,-163133
Genova,Caserta,OK,684307,22867,684308,22867,-1,0
Genova,Catania,OK,1282124,51474,1282703,51497,-579,-23
Genova,Catanzaro,OK,1098036,39246,1098613,39269,-577,-23
Genova,Chieti,OK,684596,22734,681219,22745,3377,-11
Genova,Como,OK,185522,6518,185522,6518,0,0
Genova,Cosenza,OK,1005047,35530,1005624,35553,-577,-23
Genova,Cremona,OK,182930,6805,182930,6805,0,0
Genova,Crotone,OK,1083539,40488,1084116,40511,-577,-23
Genova,Cuneo,OK,146622,6165,146629,6165,-7,0
Genova,Enna,OK,1366043,54969,1366619,54992,-576,-23
Genova,Fermo,OK,565902,20340,565879,20354,23,-14
Genova,Ferrara,OK,336038,11124,336038,11124,0,0
Genova,Firenze,OK,243776,9456,243776,9456,0,0
Genova,Foggia,OK,865730,28388,865751,28390,-21,-2
Genova,Forlì,OK,364782,13109,364774,13108,8,1
Genova,Frosinone,OK,575115,19627,575115,19627,0,0
Genova,Gorizia,OK,520546,17841,520562,18948,-16,-1107
Genova,Grosseto,OK,320189,13434,320189,13433,0,1
Genova,Iglesias,OK,995435,31323,1028676,194496,-33241,-163173
Genova,Imperia,OK,123129,5148,123129,5147,0,1
Genova,Isernia,OK,665771,23175,665770,23231,1,-56
Genova,L'Aquila,OK,601691,19981,601689,19981,2,0
Genova,La Spezia,OK,112216,4729,112216,4729,0,0
Genova,Lanusei,OK,829980,23237,914609,189779,-84629,-166542
Genova,Latina,OK,577704,20508,577704,20490,0,18
Genova,Lecce,OK,1062234,37901,1063004,37951,-770,-50
Genova,Lecco,OK,198813,7485,198813,7485,0,0
Genova,Livorno,OK,188128,7874,188128,7874,0,0
Genova,Lodi,OK,163435,6213,163435,6213,0,0
Genova,Macerata,OK,512801,19499,512802,19494,-1,5
Genova,Mantova,OK,241941,10019,241940,10019,1,0
Genova,Massa,OK,129367,5468,129371,5469,-4,-1
Genova,Matera,OK,909272,34242,910020,34305,-748,-63
Genova,Messina,OK,1186534,47334,1187113,47357,-579,-23
Genova,Milano,OK,142356,5122,142355,5122,1,0
Genova,Modena,OK,259075,8769,259075,8769,0,0
Genova,Monza,OK,159236,5888,159237,5888,-1,0
Genova,Napoli,OK,710105,23598,710106,23598,-1,0
Genova,Novara,OK,150614,6532,150614,6532,0,0
Genova,Nuoro,OK,902647,26913,854846,186561,47801,-159648
Genova,Olbia,OK,970703,29949,753053,182291,217650,-152342
Genova,Oristano,OK,983734,30410,934175,189962,49559,-159552
Genova,Padova,OK,362876,12268,362876,13038,0,-770
Genova,Palermo,OK,1033584,54320,1411535,56463,-377951,-2143
Genova,Parma,OK,207158,7296,207158,7296,0,0
Genova,Pavia,OK,123689,4504,123689,4504,0,0
Genova,Perugia,OK,391176,13947,391176,13947,0,0
Genova,Pesaro,OK,443669,15616,443670,15630,-1,-14
Genova,Piacenza,OK,155433,5819,155433,5816,0,3
Genova,Pisa,OK,170902,7266,170901,7266,1,0
Genova,Pistoia,OK,207740,8001,208193,8037,-453,-36
Genova,Pordenone,OK,467567,15242,467570,16286,-3,-1044
Genova,Potenza,OK,864437,30393,864439,30394,-2,-1
Genova,Prato,OK,228494,8657,228494,8657,0,0
Genova,Ragusa,OK,1387984,56811,1388378,56834,-394,-23
Genova,Ravenna,OK,371133,12901,371132,12900,1,1
Genova,Reggio di Calabria,OK,1188726,42711,1189305,42734,-579,-23
Genova,Rieti,OK,501465,17666,501462,17665,3,1
Genova,Rimini,OK,411059,14233,411059,14247,0,-14
Genova,Roma,OK,512174,17937,512174,17937,0,0
Genova,Rovigo,OK,368919,11799,368935,11800,-16,-1
Genova,Salerno,OK,752072,25278,752072,25278,0,0
Genova,Sanluri,OK,947395,28957,981324,191487,-33929,-162530
Genova,Sassari,OK,1013841,32266,851897,187656,161944,-155390
Genova,Savona,OK,47750,2168,47758,2168,-8,0
Genova,Siena,OK,303526,11824,303525,11824,1,0
Genova,Siracusa,OK,1347050,53957,1347629,53980,-579,-23
Genova,Sondrio,OK,278371,11160,278438,11239,-67,-79
Genova,Taranto,OK,996595,36133,997406,36186,-811,-53
Genova,Tempio Pausania,OK,1011808,32154,795215,184505,216593,-152351
Genova,Teramo,OK,659334,21581,659365,21583,-31,-2
Genova,Terni,OK,465715,15651,465716,15651,-1,0
Genova,Torino,OK,169391,7303,169391,7303,0,0
Genova,Tortolì,OK,811934,22395,912516,189707,-100582,-167312
Genova,Trani,OK,872278,30949,873049,30999,-771,-50
Genova,Trapani,OK,1133633,58265,1514489,60650,-380856,-2385
Genova,Trento,OK,366809,12243,366812,12964,-3,-721
Genova,Treviso,OK,409985,13839,409988,14609,-3,-770
Genova,Trieste,OK,549873,18250,549846,19388,27,-1138
Genova,Udine,OK,509787,17133,510112,18343,-325,-1210
Genova,Urbino,OK,467225,17105,467225,17119,0,-14
Genova,Varese,OK,193569,6823,193569,6823,0,0
Genova,Venezia,OK,395107,13307,394582,14031,525,-724
Genova,Verbania,OK,237917,8844,237923,8843,-6,1
Genova,Vercelli,OK,145495,6340,145491,6340,4,0
Genova,Verona,OK,284456,9813,284463,10590,-7,-777
Genova,Vibo Valentia,OK,1099640,39814,1100217,39838,-577,-24
Genova,Vicenza,OK,333209,11277,333446,12047,-237,-770
Genova,Villacidro,OK,975210,30333,998238,192756,-23028,-162423
Genova,Viterbo,OK,453529,15652,453536,15653,-7,-1
Gorizia,Agrigento,OK,1584407,63405,1584935,63715,-528,-310
Gorizia,Alessandria,OK,474084,16633,473791,17274,293,-641
Gorizia,Ancona,OK,487230,18856,487242,19159,-12,-303
Gorizia,Andria,OK,889378,31330,889361,31632,17,-302
Gorizia,Aosta,OK,570039,20747,570015,21303,24,-556
Gorizia,Arezzo,OK,457185,15825,457139,16111,46,-286
Gorizia,Ascoli Piceno,OK,599736,21565,599718,21867,18,-302
Gorizia,Asti,OK,509752,17861,509777,18480,-25,-619
Gorizia,Avellino,OK,878337,29105,878302,29451,35,-346
Gorizia,Bari,OK,939997,33383,939980,33686,17,-303
Gorizia,Barletta,OK,888632,31404,888612,31706,20,-302
Gorizia,Belluno,OK,166465,6341,166472,6829,-7,-488
Gorizia,Benevento,OK,860981,28988,860935,29274,46,-286
Gorizia,Bergamo,OK,351127,12252,351133,12807,-6,-555
Gorizia,Biella,OK,487549,17627,487527,18180,22,-553
Gorizia,Bologna,OK,278750,9552,278756,9841,-6,-289
Gorizia,Bolzano - Bozen,OK,276814,12379,276814,12867,0,-488
Gorizia,Brescia,OK,306858,10478,306865,11033,-7,-555
Gorizia,Brindisi,OK,1054205,37363,1054187,37666,18,-303
Gorizia,Cagliari,OK,1094264,34038,1167836,198272,-73572,-164234
Gorizia,Caltanissetta,OK,1533938,60268,1534466,60578,-528,-310
Gorizia,Campobasso,OK,804111,29117,804094,29419,17,-302
Gorizia,Carbonia,OK,1160659,36808,1198132,200227,-37473,-163419
Gorizia,Caserta,OK,826839,27310,826793,27597,46,-287
Gorizia,Catania,OK,1424655,55917,1425187,56226,-532,-309
Gorizia,Catanzaro,OK,1240567,43689,1241097,43999,-530,-310
Gorizia,Chieti,OK,648711,23113,648432,23404,279,-291
Gorizia,Como,OK,434975,15029,434982,15583,-7,-554
Gorizia,Cosenza,OK,1147579,39973,1148108,40283,-529,-310
Gorizia,Cremona,OK,347670,11918,347676,12537,-6,-619
Gorizia,Crotone,OK,1226071,44931,1226600,45240,-529,-309
Gorizia,Cuneo,OK,601775,22442,601789,23061,-14,-619
Gorizia,Enna,OK,1508574,59412,1509103,59722,-529,-310
Gorizia,Fermo,OK,545023,19879,545005,20181,18,-302
Gorizia,Ferrara,OK,248025,8782,248032,9071,-7,-289
Gorizia,Firenze,OK,386307,13899,386261,14186,46,-287
Gorizia,Foggia,OK,819558,28457,819541,28759,17,-302
Gorizia,Forlì,OK,343903,12648,343900,12936,3,-288
Gorizia,Frosinone,OK,717647,24070,717600,24356,47,-286
Gorizia,Genova,OK,527900,18374,527906,18991,-6,-617
Gorizia,Grosseto,OK,519568,19792,520021,20076,-453,-284
Gorizia,Iglesias,OK,1137966,35766,1171161,199225,-33195,-163459
Gorizia,Imperia,OK,626367,22504,626374,23122,-7,-618
Gorizia,Isernia,OK,808302,27618,808255,27960,47,-342
Gorizia,L'Aquila,OK,671818,23659,671753,23960,65,-301
Gorizia,La Spezia,OK,485048,16896,485054,17185,-6,-289
Gorizia,Lanusei,OK,972512,27680,1057094,194509,-84582,-166829
Gorizia,Latina,OK,720235,24951,720189,25219,46,-268
Gorizia,Lecce,OK,1089578,38765,1089560,39067,18,-302
Gorizia,Lecco,OK,383813,14089,383819,14644,-6,-555
Gorizia,Livorno,OK,459482,16804,459435,17090,47,-286
Gorizia,Lodi,OK,373731,14211,373738,14767,-7,-556
Gorizia,Macerata,OK,547646,19759,547631,20062,15,-303
Gorizia,Mantova,OK,279026,9519,279032,9756,-6,-237
Gorizia,Massa,OK,475580,16515,475537,16802,43,-287
Gorizia,Matera,OK,964549,35469,964538,35781,11,-312
Gorizia,Messina,OK,1329066,51777,1329598,52086,-532,-309
Gorizia,Milano,OK,394586,13899,394592,14454,-6,-555
Gorizia,Modena,OK,317256,11250,317267,11539,-11,-289
Gorizia,Monza,OK,386669,13378,386675,13932,-6,-554
Gorizia,Napoli,OK,852637,28041,852590,28328,47,-287
Gorizia,Novara,OK,438970,15868,438968,16423,2,-555
Gorizia,Nuoro,OK,1045179,31356,997330,191291,47849,-159935
Gorizia,Olbia,OK,1113235,34392,895538,187020,217697,-152628
Gorizia,Oristano,OK,1126266,34853,1076660,194691,49606,-159838
Gorizia,Padova,OK,166672,6529,166678,6818,-6,-289
Gorizia,Palermo,OK,1176115,58763,1554020,61193,-377905,-2430
Gorizia,Parma,OK,369899,12930,369905,13218,-6,-288
Gorizia,Pavia,OK,440949,15323,440956,15942,-7,-619
Gorizia,Perugia,OK,533707,18390,533660,18676,47,-286
Gorizia,Pesaro,OK,422790,15154,422796,15457,-6,-303
Gorizia,Piacenza,OK,381008,13224,381015,13839,-7,-615
Gorizia,Pisa,OK,451165,15925,451118,16203,47,-278
Gorizia,Pistoia,OK,394420,13761,394826,14084,-406,-323
Gorizia,Pordenone,OK,94151,3967,94158,4177,-7,-210
Gorizia,Potenza,OK,926540,34008,926523,34311,17,-303
Gorizia,Prato,OK,377822,13379,377775,13665,47,-286
Gorizia,Ragusa,OK,1530515,61254,1530863,61564,-348,-310
Gorizia,Ravenna,OK,350254,12439,350259,12728,-5,-289
Gorizia,Reggio di Calabria,OK,1331257,47154,1331790,47464,-533,-310
Gorizia,Rieti,OK,643997,22109,643947,22395,50,-286
Gorizia,Rimini,OK,390180,13771,390185,14074,-5,-303
Gorizia,Roma,OK,654706,22380,654659,22667,47,-287
Gorizia,Rovigo,OK,205202,7469,205207,7760,-5,-291
Gorizia,Salerno,OK,894603,29721,894557,30008,46,-287
Gorizia,Sanluri,OK,1089926,33400,1123809,196217,-33883,-162817
Gorizia,Sassari,OK,1156372,36709,994382,192385,161990,-155676
Gorizia,Savona,OK,550988,19524,551002,20143,-14,-619
Gorizia,Siena,OK,446057,16267,446010,16553,47,-286
Gorizia,Siracusa,OK,1489581,58400,1490113,58710,-532,-310
Gorizia,Sondrio,OK,443746,17668,443834,18290,-88,-622
Gorizia,Taranto,OK,1023940,36997,1023963,37302,-23,-305
Gorizia,Tempio Pausania,OK,1154339,36597,937699,189234,216640,-152637
Gorizia,Teramo,OK,614008,21874,613988,22170,20,-296
Gorizia,Terni,OK,608246,20094,608200,20380,46,-286
Gorizia,Torino,OK,526824,19110,526831,19665,-7,-555
Gorizia,Tortolì,OK,954466,26838,1055001,194436,-100535,-167598
Gorizia,Trani,OK,899623,31813,899606,32115,17,-302
Gorizia,Trapani,OK,1276165,62708,1656974,65380,-380809,-2672
Gorizia,Trento,OK,336536,11221,336543,11479,-7,-258
Gorizia,Treviso,OK,131986,5538,131994,5827,-8,-289
Gorizia,Trieste,OK,55744,2498,55717,2527,27,-29
Gorizia,Udine,OK,52849,2478,53179,2581,-330,-103
Gorizia,Urbino,OK,446346,16643,446352,16947,-6,-304
Gorizia,Varese,OK,443022,15334,443029,15888,-7,-554
Gorizia,Venezia,OK,137542,5691,137023,5933,519,-242
Gorizia,Verbania,OK,487370,17354,487382,17908,-12,-554
Gorizia,Vercelli,OK,470026,16871,470028,17425,-2,-554
Gorizia,Verona,OK,240015,8533,240020,8792,-5,-259
Gorizia,Vibo Valentia,OK,1242172,44257,1242702,44567,-530,-310
Gorizia,Vicenza,OK,193270,7211,193277,7501,-7,-290
Gorizia,Villacidro,OK,1117742,34776,1140723,197486,-22981,-162710
Gorizia,Viterbo,OK,596060,20095,596021,20382,39,-287
Grosseto,Agrigento,OK,1131516,49714,1132090,49738,-574,-24
Grosseto,Alessandria,OK,393245,16507,393533,16520,-288,-13
Grosseto,Ancona,OK,309408,13958,309408,13958,0,0
Grosseto,Andria,OK,551673,21219,552443,21269,-770,-50
Grosseto,Aosta,OK,558302,22879,558272,22879,30,0
Grosseto,Arezzo,OK,138642,6352,138642,6351,0,1
Grosseto,Ascoli Piceno,OK,321477,14790,321512,14791,-35,-1
Grosseto,Asti,OK,434594,17883,434613,17883,-19,0
Grosseto,Avellino,OK,425446,15414,425457,15474,-11,-60
Grosseto,Bari,OK,602293,23272,603063,23322,-770,-50
Grosseto,Barletta,OK,550928,21293,551695,21343,-767,-50
Grosseto,Belluno,OK,485160,17500,485086,17879,74,-379
Grosseto,Benevento,OK,408090,15297,408090,15297,0,0
Grosseto,Bergamo,OK,465881,17616,482859,18155,-16978,-539
Grosseto,Biella,OK,540645,20423,498259,20694,42386,-271
Grosseto,Bologna,OK,242093,10405,242017,10785,76,-380
Grosseto,Bolzano - Bozen,OK,507191,18658,507114,19136,77,-478
Grosseto,Brescia,OK,421613,15842,421536,16536,77,-694
Grosseto,Brindisi,OK,716500,27252,717270,27302,-770,-50
Grosseto,Cagliari,OK,554974,17159,628584,181106,-73610,-163947
Grosseto,Caltanissetta,OK,1081046,46577,1081621,46600,-575,-23
Grosseto,Campobasso,OK,404494,16624,404492,16680,2,-56
Grosseto,Carbonia,OK,621368,19929,658880,183061,-37512,-163132
Grosseto,Caserta,OK,373948,13619,373948,13619,0,0
Grosseto,Catania,OK,971764,42226,972342,42249,-578,-23
Grosseto,Catanzaro,OK,787676,29998,788252,30021,-576,-23
Grosseto,Chieti,OK,388446,14013,385068,14025,3378,-12
Grosseto,Como,OK,490696,17923,490618,18404,78,-481
Grosseto,Cosenza,OK,694688,26283,695263,26306,-575,-23
Grosseto,Cremona,OK,406741,15374,406664,15853,77,-479
Grosseto,Crotone,OK,773180,31240,773755,31263,-575,-23
Grosseto,Cuneo,OK,455298,18911,455305,18911,-7,0
Grosseto,Enna,OK,1055683,45721,1056258,45745,-575,-24
Grosseto,Fermo,OK,330534,14668,330533,14672,1,-4
Grosseto,Ferrara,OK,286923,11828,286847,12208,76,-380
Grosseto,Firenze,OK,148381,7158,148707,7157,-326,1
Grosseto,Foggia,OK,569580,19668,569601,19669,-21,-1
Grosseto,Forlì,OK,274037,12596,274037,12595,0,1
Grosseto,Frosinone,OK,264755,10379,264755,10379,0,0
Grosseto,Genova,OK,315189,13312,315188,13310,1,2
Grosseto,Gorizia,OK,519597,19347,519537,20064,60,-717
Grosseto,Iglesias,OK,598676,18887,631909,182060,-33233,-163173
Grosseto,Imperia,OK,431805,17893,431805,17893,0,0
Grosseto,Isernia,OK,355411,13927,355410,13983,1,-56
Grosseto,L'Aquila,OK,305541,11261,305538,11260,3,1
Grosseto,La Spezia,OK,228817,9778,228817,9778,0,0
Grosseto,Lanusei,OK,433221,10802,517842,177343,-84621,-166541
Grosseto,Latina,OK,236277,10094,236277,10094,0,0
Grosseto,Lecce,OK,751874,28654,752643,28704,-769,-50
Grosseto,Lecco,OK,490277,18150,490200,18631,77,-481
Grosseto,Livorno,OK,137558,6554,137558,6555,0,-1
Grosseto,Lodi,OK,414153,15360,414076,15838,77,-478
Grosseto,Macerata,OK,297910,13132,297912,13127,-2,5
Grosseto,Mantova,OK,336833,13158,336756,13636,77,-478
Grosseto,Massa,OK,200789,8705,200792,8706,-3,-1
Grosseto,Matera,OK,598912,24994,599660,25058,-748,-64
Grosseto,Messina,OK,876174,38086,876753,38109,-579,-23
Grosseto,Milano,OK,438513,16154,438435,16635,78,-481
Grosseto,Modena,OK,270597,11581,270526,12059,71,-478
Grosseto,Monza,OK,450701,16553,450624,17033,77,-480
Grosseto,Napoli,OK,399746,14350,399745,14350,1,0
Grosseto,Novara,OK,492067,18664,491980,19145,87,-481
Grosseto,Nuoro,OK,505888,14477,458078,174125,47810,-159648
Grosseto,Olbia,OK,573944,17514,356286,169855,217658,-152341
Grosseto,Oristano,OK,586975,17974,537408,177526,49567,-159552
Grosseto,Padova,OK,357856,13885,357777,14265,79,-380
Grosseto,Palermo,OK,723224,45073,1101175,47216,-377951,-2143
Grosseto,Parma,OK,323240,13260,323164,13738,76,-478
Grosseto,Pavia,OK,427387,16506,427330,16986,57,-480
Grosseto,Perugia,OK,176285,7580,176285,7580,0,0
Grosseto,Pesaro,OK,281554,13677,281571,13679,-17,-2
Grosseto,Piacenza,OK,377714,14288,377637,14763,77,-475
Grosseto,Pisa,OK,151426,7471,151426,7471,0,0
Grosseto,Pistoia,OK,176632,7849,177085,7885,-453,-36
Grosseto,Pordenone,OK,466618,16748,466544,17402,74,-654
Grosseto,Potenza,OK,554077,21146,554078,21146,-1,0
Grosseto,Prato,OK,160034,7466,160034,7466,0,0
Grosseto,Ragusa,OK,1077624,47563,1078018,47587,-394,-24
Grosseto,Ravenna,OK,288380,13110,288380,13072,0,38
Grosseto,Reggio di Calabria,OK,878366,33463,878945,33486,-579,-23
Grosseto,Rieti,OK,255152,11055,255152,11055,0,0
Grosseto,Rimini,OK,260690,12906,260731,12907,-41,-1
Grosseto,Roma,OK,177074,8009,177035,8005,39,4
Grosseto,Rovigo,OK,319804,12503,319744,12884,60,-381
Grosseto,Salerno,OK,441712,16031,441712,16030,0,1
Grosseto,Sanluri,OK,550636,16522,584557,179051,-33921,-162529
Grosseto,Sassari,OK,617081,19831,455130,175220,161951,-155389
Grosseto,Savona,OK,356426,14914,356434,14914,-8,0
Grosseto,Siena,OK,75365,4019,75365,4019,0,0
Grosseto,Siracusa,OK,1036690,44709,1037268,44732,-578,-23
Grosseto,Sondrio,OK,569835,21824,569825,22384,10,-560
Grosseto,Taranto,OK,686235,26886,687046,26938,-811,-52
Grosseto,Tempio Pausania,OK,615048,19719,398447,172068,216601,-152349
Grosseto,Teramo,OK,363184,12861,363214,12862,-30,-1
Grosseto,Terni,OK,189193,9199,189193,9199,0,0
Grosseto,Torino,OK,481591,19883,481591,19883,0,0
Grosseto,Tortolì,OK,415175,9959,515749,177271,-100574,-167312
Grosseto,Trani,OK,561918,21702,562688,21752,-770,-50
Grosseto,Trapani,OK,823273,49017,1204129,51402,-380856,-2385
Grosseto,Trento,OK,451144,16459,451067,16937,77,-478
Grosseto,Treviso,OK,409036,15345,408962,15725,74,-380
Grosseto,Trieste,OK,548924,19756,548821,20505,103,-749
Grosseto,Udine,OK,508838,18639,509086,19459,-248,-820
Grosseto,Urbino,OK,239625,12019,239627,12020,-2,-1
Grosseto,Varese,OK,498742,18228,498665,18708,77,-480
Grosseto,Venezia,OK,394158,14813,393556,15147,602,-334
Grosseto,Verbania,OK,543091,20248,543019,20729,72,-481
Grosseto,Vercelli,OK,457489,18971,457485,18971,4,0
Grosseto,Verona,OK,369161,14178,369092,14621,69,-443
Grosseto,Vibo Valentia,OK,789280,30567,789857,30590,-577,-23
Grosseto,Vicenza,OK,390144,14837,390067,15218,77,-381
Grosseto,Villacidro,OK,578451,17897,601471,180320,-23020,-162423
Grosseto,Viterbo,OK,134526,7034,134526,7034,0,0
Iglesias,Agrigento,OK,601500,53272,1555491,220380,-953991,-167108
Iglesias,Alessandria,OK,1091413,33563,1132272,196870,-40859,-163307
Iglesias,Ancona,OK,880907,25799,922172,188607,-41265,-162808
Iglesias,Andria,OK,933839,29055,975845,191911,-42006,-162856
Iglesias,Aosta,OK,1239666,39201,1280793,202488,-41127,-163287
Iglesias,Arezzo,OK,698485,20767,739721,183573,-41236,-162806
Iglesias,Ascoli Piceno,OK,779484,22677,820750,185484,-41266,-162807
Iglesias,Asti,OK,1127080,34791,1168258,198076,-41178,-163285
Iglesias,Avellino,OK,807612,23250,848858,186116,-41246,-162866
Iglesias,Bari,OK,984459,31108,1026464,193964,-42005,-162856
Iglesias,Barletta,OK,933094,29129,975096,191985,-42002,-162856
Iglesias,Belluno,OK,1101690,33157,1142852,196343,-41162,-163186
Iglesias,Benevento,OK,790256,23133,831491,185939,-41235,-162806
Iglesias,Bergamo,OK,1082412,33274,1140625,196619,-58213,-163345
Iglesias,Biella,OK,1157176,36081,1198306,199366,-41130,-163285
Iglesias,Bologna,OK,858623,26062,899783,189248,-41160,-163186
Iglesias,Bolzano - Bozen,OK,1123721,34315,1164880,197599,-41159,-163284
Iglesias,Brescia,OK,1038143,31500,1079302,194999,-41159,-163499
Iglesias,Brindisi,OK,1098666,35088,1140671,197944,-42005,-162856
Iglesias,Cagliari,OK,57574,2850,57575,2851,-1,-1
Iglesias,Caltanissetta,OK,603465,51716,1505023,217242,-901558,-165526
Iglesias,Campobasso,OK,786660,24461,827894,187322,-41234,-162861
Iglesias,Carbonia,OK,24643,1325,24624,1323,19,2
Iglesias,Caserta,OK,756114,21455,797349,184261,-41235,-162806
Iglesias,Catania,OK,1353930,50062,1395744,212891,-41814,-162829
Iglesias,Catanzaro,OK,1169842,37834,1211654,200664,-41812,-162830
Iglesias,Chieti,OK,770612,21850,808470,184667,-37858,-162817
Iglesias,Como,OK,1107227,33580,1148384,196867,-41157,-163287
Iglesias,Cosenza,OK,1076854,34119,1118665,196948,-41811,-162829
Iglesias,Cremona,OK,1023271,31032,1064430,194316,-41159,-163284
Iglesias,Crotone,OK,1155345,39076,1197157,201905,-41812,-162829
Iglesias,Cuneo,OK,1128833,36466,1170075,199272,-41242,-162806
Iglesias,Enna,OK,604929,52009,1479660,216387,-874731,-164378
Iglesias,Fermo,OK,827985,23808,869250,186616,-41265,-162808
Iglesias,Ferrara,OK,903454,27485,944613,190671,-41159,-163186
Iglesias,Firenze,OK,754310,22409,795871,185215,-41561,-162806
Iglesias,Foggia,OK,951746,27504,993002,190311,-41256,-162807
Iglesias,Forlì,OK,831467,27058,872701,189864,-41234,-162806
Iglesias,Frosinone,OK,646921,18215,688156,181021,-41235,-162806
Iglesias,Genova,OK,988723,30867,1029958,193671,-41235,-162804
Iglesias,Gorizia,OK,1136128,35005,1177302,198528,-41174,-163523
Iglesias,Grosseto,OK,596931,18500,638166,181306,-41235,-162806
Iglesias,Imperia,OK,1105340,35448,1146575,198254,-41235,-162806
Iglesias,Isernia,OK,737577,21764,778811,184625,-41234,-162861
Iglesias,L'Aquila,OK,687707,19097,728939,181903,-41232,-162806
Iglesias,La Spezia,OK,902352,27333,943587,190139,-41235,-162806
Iglesias,Lanusei,OK,178697,8188,178697,8188,0,0
Iglesias,Latina,OK,618443,17930,659678,180736,-41235,-162806
Iglesias,Lecce,OK,1134040,36490,1176045,199346,-42005,-162856
Iglesias,Lecco,OK,1106808,33808,1147966,197094,-41158,-163286
Iglesias,Livorno,OK,732831,24499,774066,187305,-41235,-162806
Iglesias,Lodi,OK,1030684,31018,1071842,194302,-41158,-163284
Iglesias,Macerata,OK,742131,24970,783367,187767,-41236,-162797
Iglesias,Mantova,OK,953363,28815,994522,192099,-41159,-163284
Iglesias,Massa,OK,874323,26260,915562,189067,-41239,-162807
Iglesias,Matera,OK,981078,32830,1023061,195700,-41983,-162870
Iglesias,Messina,OK,1258340,45922,1300154,208751,-41814,-162829
Iglesias,Milano,OK,1055043,31812,1096201,195099,-41158,-163287
Iglesias,Modena,OK,887128,27238,928292,190523,-41164,-163285
Iglesias,Monza,OK,1067231,32210,1108390,195497,-41159,-163287
Iglesias,Napoli,OK,781912,22187,823147,184993,-41235,-162806
Iglesias,Novara,OK,1108597,34322,1149746,197609,-41149,-163287
Iglesias,Nuoro,OK,191878,8214,191909,8221,-31,-7
Iglesias,Olbia,OK,284532,12092,284565,12097,-33,-5
Iglesias,Oristano,OK,105905,4602,105936,4608,-31,-6
Iglesias,Padova,OK,974386,29542,1015543,192728,-41157,-163186
Iglesias,Palermo,OK,478395,46426,1524576,217858,-1046181,-171432
Iglesias,Parma,OK,939770,28918,980929,192202,-41159,-163284
Iglesias,Pavia,OK,1043917,32164,1085096,195449,-41179,-163285
Iglesias,Perugia,OK,668578,20539,709812,183345,-41234,-162806
Iglesias,Pesaro,OK,793270,26979,834499,189786,-41229,-162807
Iglesias,Piacenza,OK,994244,29946,1035403,193226,-41159,-163280
Iglesias,Pisa,OK,746699,25415,787934,188221,-41235,-162806
Iglesias,Pistoia,OK,793163,23506,834851,186348,-41688,-162842
Iglesias,Pordenone,OK,1083149,32405,1124310,195865,-41161,-163460
Iglesias,Potenza,OK,936243,28982,977480,191788,-41237,-162806
Iglesias,Prato,OK,776565,23124,817799,185930,-41234,-162806
Iglesias,Ragusa,OK,1459790,55399,1501419,218229,-41629,-162830
Iglesias,Ravenna,OK,845810,27573,887044,190341,-41234,-162768
Iglesias,Reggio di Calabria,OK,1260532,41299,1302346,204128,-41814,-162829
Iglesias,Rieti,OK,637318,18891,678553,181697,-41235,-162806
Iglesias,Rimini,OK,818120,27368,859395,190176,-41275,-162808
Iglesias,Roma,OK,559240,15845,600436,178647,-41196,-162802
Iglesias,Rovigo,OK,936335,28160,977509,191347,-41174,-163187
Iglesias,Salerno,OK,823878,23867,865113,186673,-41235,-162806
Iglesias,Sanluri,OK,60567,3074,60598,3080,-31,-6
Iglesias,Sassari,OK,226379,9663,224862,9615,1517,48
Iglesias,Savona,OK,1029961,32469,1071203,195275,-41242,-162806
Iglesias,Siena,OK,728084,21929,769319,184735,-41235,-162806
Iglesias,Siracusa,OK,1418856,52545,1460670,215374,-41814,-162829
Iglesias,Sondrio,OK,1186366,37482,1227590,200847,-41224,-163365
Iglesias,Taranto,OK,1068401,34722,1110447,197580,-42046,-162858
Iglesias,Tempio Pausania,OK,261047,11728,261086,11734,-39,-6
Iglesias,Teramo,OK,745350,20697,786616,183504,-41266,-162807
Iglesias,Terni,OK,599636,17909,640872,180715,-41236,-162806
Iglesias,Torino,OK,1174078,36792,1215236,200076,-41158,-163284
Iglesias,Tortolì,OK,183576,8900,183565,8899,11,1
Iglesias,Trani,OK,944084,29538,986090,192394,-42006,-162856
Iglesias,Trapani,OK,578444,50370,1627530,222045,-1049086,-171675
Iglesias,Trento,OK,1067674,32117,1108833,195401,-41159,-163284
Iglesias,Treviso,OK,1025566,31002,1066728,194188,-41162,-163186
Iglesias,Trieste,OK,1165455,35413,1206586,198968,-41131,-163555
Iglesias,Udine,OK,1125368,34296,1166852,197923,-41484,-163627
Iglesias,Urbino,OK,758441,25810,799670,188629,-41229,-162819
Iglesias,Varese,OK,1115273,33885,1156431,197172,-41158,-163287
Iglesias,Venezia,OK,1010689,30471,1051322,193611,-40633,-163140
Iglesias,Verbania,OK,1159622,35906,1200785,199192,-41163,-163286
Iglesias,Vercelli,OK,1139653,35324,1180807,198611,-41154,-163287
Iglesias,Verona,OK,985692,29835,1026858,193085,-41166,-163250
Iglesias,Vibo Valentia,OK,1171446,38403,1213258,201232,-41812,-162829
Iglesias,Vicenza,OK,1006674,30494,1047833,193682,-41159,-163188
Iglesias,Villacidro,OK,46864,2613,47681,2674,-817,-61
Iglesias,Viterbo,OK,544969,15744,586204,178550,-41235,-162806
Imperia,Agrigento,OK,1547076,63411,1547652,63431,-576,-20
Imperia,Alessandria,OK,164375,7172,164663,7180,-288,-8
Imperia,Ancona,OK,607050,23684,607057,23695,-7,-11
Imperia,Andria,OK,967234,34916,968005,34962,-771,-46
Imperia,Aosta,OK,288583,13430,288584,13430,-1,0
Imperia,Arezzo,OK,419854,15831,419856,15827,-2,4
Imperia,Ascoli Piceno,OK,641568,25605,641604,25603,-36,2
Imperia,Asti,OK,202199,8712,202219,8709,-20,3
Imperia,Avellino,OK,841006,29111,841018,29167,-12,-56
Imperia,Bari,OK,1017853,36969,1018624,37015,-771,-46
Imperia,Barletta,OK,966488,34990,967256,35036,-768,-46
Imperia,Belluno,OK,585049,20360,585053,21126,-4,-766
Imperia,Benevento,OK,823650,28994,823651,28990,-1,4
Imperia,Bergamo,OK,290410,11376,290413,11373,-3,3
Imperia,Biella,OK,266098,11475,266071,11469,27,6
Imperia,Bologna,OK,393430,14215,393431,14211,-1,4
Imperia,Bolzano - Bozen,OK,521796,18808,521800,19526,-4,-718
Imperia,Brescia,OK,327177,12490,327178,12829,-1,-339
Imperia,Brindisi,OK,1132061,40949,1132831,40995,-770,-46
Imperia,Cagliari,OK,1056934,34044,1130553,197988,-73619,-163944
Imperia,Caltanissetta,OK,1496607,60274,1497183,60293,-576,-19
Imperia,Campobasso,OK,820054,30321,820054,30373,0,-52
Imperia,Carbonia,OK,1123328,36814,1160849,199943,-37521,-163129
Imperia,Caserta,OK,789508,27316,789509,27312,-1,4
Imperia,Catania,OK,1387324,55923,1387904,55942,-580,-19
Imperia,Catanzaro,OK,1203236,43695,1203814,43715,-578,-20
Imperia,Chieti,OK,789796,27183,786420,27191,3376,-8
Imperia,Como,OK,284463,10884,284463,10881,0,3
Imperia,Cosenza,OK,1110248,39980,1110825,39999,-577,-19
Imperia,Cremona,OK,281870,11172,281871,11168,-1,4
Imperia,Crotone,OK,1188740,44937,1189317,44956,-577,-19
Imperia,Cuneo,OK,133802,6727,133809,6728,-7,-1
Imperia,Enna,OK,1471244,59418,1471820,59438,-576,-20
Imperia,Fermo,OK,664842,24707,664820,24716,22,-9
Imperia,Ferrara,OK,434979,15490,434979,15486,0,4
Imperia,Firenze,OK,348977,13906,348977,13902,0,4
Imperia,Foggia,OK,970931,32837,970953,32835,-22,2
Imperia,Forlì,OK,463722,17476,463715,17471,7,5
Imperia,Frosinone,OK,680316,24076,680316,24072,0,4
Imperia,Genova,OK,117181,5286,117182,5282,-1,4
Imperia,Gorizia,OK,619487,22208,619504,23311,-17,-1103
Imperia,Grosseto,OK,425389,17883,425390,17878,-1,5
Imperia,Iglesias,OK,1100636,35772,1133878,198941,-33242,-163169
Imperia,Isernia,OK,770971,27624,770971,27676,0,-52
Imperia,L'Aquila,OK,706891,24430,706890,24427,1,3
Imperia,La Spezia,OK,217417,9178,217417,9174,0,4
Imperia,Lanusei,OK,935181,27686,1019810,194225,-84629,-166539
Imperia,Latina,OK,682905,24958,682905,24935,0,23
Imperia,Lecce,OK,1167434,42351,1168205,42397,-771,-46
Imperia,Lecco,OK,297753,11852,297754,11848,-1,4
Imperia,Livorno,OK,293328,12323,293329,12320,-1,3
Imperia,Lodi,OK,262376,10580,262377,10576,-1,4
Imperia,Macerata,OK,618001,23948,618004,23939,-3,9
Imperia,Mantova,OK,340881,14386,340882,14382,-1,4
Imperia,Massa,OK,234568,9918,234572,9914,-4,4
Imperia,Matera,OK,1014473,38691,1015221,38751,-748,-60
Imperia,Messina,OK,1291735,51783,1292315,51802,-580,-19
Imperia,Milano,OK,241296,9488,241297,9484,-1,4
Imperia,Modena,OK,358016,13135,358016,13131,0,4
Imperia,Monza,OK,258177,10254,258178,10250,-1,4
Imperia,Napoli,OK,815306,28047,815307,28044,-1,3
Imperia,Novara,OK,230420,9942,230420,9938,0,4
Imperia,Nuoro,OK,1007848,31362,960047,191007,47801,-159645
Imperia,Olbia,OK,1075904,34398,858254,186736,217650,-152338
Imperia,Oristano,OK,1088935,34859,1039376,194407,49559,-159548
Imperia,Padova,OK,461816,16635,461817,17400,-1,-765
Imperia,Palermo,OK,1138785,58770,1516737,60909,-377952,-2139
Imperia,Parma,OK,306099,11662,306099,11658,0,4
Imperia,Pavia,OK,222629,8870,222630,8866,-1,4
Imperia,Perugia,OK,496376,18396,496377,18392,-1,4
Imperia,Pesaro,OK,542610,19982,542611,19993,-1,-11
Imperia,Piacenza,OK,254374,10186,254374,10178,0,8
Imperia,Pisa,OK,276102,11715,276103,11711,-1,4
Imperia,Pistoia,OK,312940,12450,313394,12483,-454,-33
Imperia,Pordenone,OK,566508,19608,566511,20648,-3,-1040
Imperia,Potenza,OK,969638,34843,969640,34839,-2,4
Imperia,Prato,OK,333695,13106,333695,13103,0,3
Imperia,Ragusa,OK,1493185,61260,1493579,61280,-394,-20
Imperia,Ravenna,OK,470074,17267,470073,17263,1,4
Imperia,Reggio di Calabria,OK,1293927,47160,1294506,47180,-579,-20
Imperia,Rieti,OK,606666,22115,606663,22111,3,4
Imperia,Rimini,OK,509999,18599,510000,18610,-1,-11
Imperia,Roma,OK,617375,22386,617376,22383,-1,3
Imperia,Rovigo,OK,467859,16165,467876,16162,-17,3
Imperia,Salerno,OK,857272,29728,857274,29724,-2,4
Imperia,Sanluri,OK,1052595,33407,1086525,195933,-33930,-162526
Imperia,Sassari,OK,1119041,36715,957099,192101,161942,-155386
Imperia,Savona,OK,71259,3328,71323,3328,-64,0
Imperia,Siena,OK,408727,16273,408727,16269,0,4
Imperia,Siracusa,OK,1452250,58406,1452830,58426,-580,-20
Imperia,Sondrio,OK,377311,15526,377379,15601,-68,-75
Imperia,Taranto,OK,1101796,40583,1102607,40631,-811,-48
Imperia,Tempio Pausania,OK,1117008,36604,900416,188950,216592,-152346
Imperia,Teramo,OK,764535,26030,764566,26029,-31,1
Imperia,Terni,OK,570916,20100,570917,20096,-1,4
Imperia,Torino,OK,173656,8433,173656,8433,0,0
Imperia,Tortolì,OK,917135,26844,1017718,194152,-100583,-167308
Imperia,Trani,OK,977479,35399,978250,35445,-771,-46
Imperia,Trapani,OK,1238834,62714,1619691,65096,-380857,-2382
Imperia,Trento,OK,465749,16609,465753,17327,-4,-718
Imperia,Treviso,OK,508925,18206,508929,18971,-4,-765
Imperia,Trieste,OK,648813,22617,648788,23751,25,-1134
Imperia,Udine,OK,608727,21499,609053,22705,-326,-1206
Imperia,Urbino,OK,566166,21471,566166,21482,0,-11
Imperia,Varese,OK,292509,11189,292510,11186,-1,3
Imperia,Venezia,OK,494048,17674,493523,18393,525,-719
Imperia,Verbania,OK,298736,12628,298737,12624,-1,4
Imperia,Vercelli,OK,225300,9750,225297,9746,3,4
Imperia,Verona,OK,383397,14179,383404,14953,-7,-774
Imperia,Vibo Valentia,OK,1204841,44264,1205419,44283,-578,-19
Imperia,Vicenza,OK,432149,15644,432387,16409,-238,-765
Imperia,Villacidro,OK,1080411,34782,1103440,197202,-23029,-162420
Imperia,Viterbo,OK,558729,20101,558738,20098,-9,3
Isernia,Agrigento,OK,839656,40429,840232,40552,-576,-123
Isernia,Alessandria,OK,764895,25924,764520,26479,375,-555
Isernia,Ancona,OK,294434,12040,294439,12040,-5,0
Isernia,Andria,OK,230495,10716,231265,10766,-770,-50
Isernia,Aosta,OK,913148,31561,913041,32098,107,-537
Isernia,Arezzo,OK,371968,13128,371969,13183,-1,-55
Isernia,Ascoli Piceno,OK,229738,9829,229742,9830,-4,-1
Isernia,Asti,OK,800563,27152,800506,27686,57,-534
Isernia,Avellino,OK,133587,6128,133598,6288,-11,-160
Isernia,Bari,OK,281114,12769,281884,12819,-770,-50
Isernia,Barletta,OK,229749,10790,230517,10840,-768,-50
Isernia,Belluno,OK,775173,25518,775099,25953,74,-435
Isernia,Benevento,OK,86911,4794,86911,4794,0,0
Isernia,Bergamo,OK,755894,25634,772873,26229,-16979,-595
Isernia,Biella,OK,830658,28441,830554,28975,104,-534
Isernia,Bologna,OK,532106,18423,532031,18858,75,-435
Isernia,Bolzano - Bozen,OK,797203,26676,797128,27209,75,-533
Isernia,Brescia,OK,711626,23860,711550,24609,76,-749
Isernia,Brindisi,OK,395321,16750,396091,16799,-770,-49
Isernia,Cagliari,OK,700736,20715,774347,184716,-73611,-164001
Isernia,Caltanissetta,OK,789187,37291,789763,37414,-576,-123
Isernia,Campobasso,OK,51097,2874,51097,2874,0,0
Isernia,Carbonia,OK,767130,23485,804643,186672,-37513,-163187
Isernia,Caserta,OK,82088,4333,82089,4433,-1,-100
Isernia,Catania,OK,679904,32940,680484,33063,-580,-123
Isernia,Catanzaro,OK,495817,20713,496394,20835,-577,-122
Isernia,Chieti,OK,134417,6631,131023,6641,3394,-10
Isernia,Como,OK,780709,25941,780632,26477,77,-536
Isernia,Cosenza,OK,402828,16997,403405,17119,-577,-122
Isernia,Cremona,OK,696753,23392,696678,23926,75,-534
Isernia,Crotone,OK,481320,21954,481897,22077,-577,-123
Isernia,Cuneo,OK,802315,28826,802323,28882,-8,-56
Isernia,Enna,OK,763824,36436,764400,36559,-576,-123
Isernia,Fermo,OK,241512,10048,241517,10049,-5,-1
Isernia,Ferrara,OK,576936,19846,576861,20281,75,-435
Isernia,Firenze,OK,427792,14769,428119,14824,-327,-55
Isernia,Foggia,OK,138031,7594,138033,7594,-2,0
Isernia,Forlì,OK,440928,17767,440921,17767,7,0
Isernia,Frosinone,OK,100645,4218,100646,4272,-1,-54
Isernia,Genova,OK,662206,23228,662206,23281,0,-53
Isernia,Gorizia,OK,809610,27365,809550,28137,60,-772
Isernia,Grosseto,OK,356802,14180,356803,14235,-1,-55
Isernia,Iglesias,OK,744438,22443,777672,185670,-33234,-163227
Isernia,Imperia,OK,778822,27809,778823,27864,-1,-55
Isernia,L'Aquila,OK,175169,7961,140307,7737,34862,224
Isernia,La Spezia,OK,575834,19693,575835,19748,-1,-55
Isernia,Lanusei,OK,578983,14357,663605,180954,-84622,-166597
Isernia,Latina,OK,147321,6837,147322,6895,-1,-58
Isernia,Lecce,OK,430695,18151,431465,18201,-770,-50
Isernia,Lecco,OK,780290,26168,780214,26704,76,-536
Isernia,Livorno,OK,517183,18450,517184,18506,-1,-56
Isernia,Lodi,OK,704166,23378,704090,23911,76,-533
Isernia,Macerata,OK,277926,11636,277933,11637,-7,-1
Isernia,Mantova,OK,626846,21176,626770,21709,76,-533
Isernia,Massa,OK,547806,18621,547810,18676,-4,-55
Isernia,Matera,OK,277733,14491,278482,14555,-749,-64
Isernia,Messina,OK,584315,28800,584895,28923,-580,-123
Isernia,Milano,OK,728526,24172,728448,24708,78,-536
Isernia,Modena,OK,560610,19599,560540,20132,70,-533
Isernia,Monza,OK,740714,24571,740638,25106,76,-535
Isernia,Napoli,OK,107886,5065,107887,5164,-1,-99
Isernia,Novara,OK,782080,26682,781994,27218,86,-536
Isernia,Nuoro,OK,651650,18033,603841,177735,47809,-159702
Isernia,Olbia,OK,719706,21069,502049,173465,217657,-152396
Isernia,Oristano,OK,732737,21530,683171,181136,49566,-159606
Isernia,Padova,OK,647868,21903,647791,22338,77,-435
Isernia,Palermo,OK,431365,35787,809317,38030,-377952,-2243
Isernia,Parma,OK,613253,21278,613177,21811,76,-533
Isernia,Pavia,OK,717399,24524,717344,25059,55,-535
Isernia,Perugia,OK,326000,12642,326000,12697,0,-55
Isernia,Pesaro,OK,357673,14477,357666,14477,7,0
Isernia,Piacenza,OK,667727,22306,667651,22836,76,-530
Isernia,Pisa,OK,508304,17978,508304,18033,0,-55
Isernia,Pistoia,OK,466645,15867,467099,15958,-454,-91
Isernia,Pordenone,OK,756631,24766,756558,25475,73,-709
Isernia,Potenza,OK,230568,11591,231338,11641,-770,-50
Isernia,Prato,OK,450047,15484,450047,15540,0,-56
Isernia,Ragusa,OK,785765,38278,786159,38401,-394,-123
Isernia,Ravenna,OK,446405,17906,446397,17868,8,38
Isernia,Reggio di Calabria,OK,586507,24177,587086,24300,-579,-123
Isernia,Rieti,OK,246712,9693,246714,9742,-2,-49
Isernia,Rimini,OK,388106,15514,388099,15513,7,1
Isernia,Roma,OK,177025,7155,177026,7210,-1,-55
Isernia,Rovigo,OK,609817,20521,609757,20957,60,-436
Isernia,Salerno,OK,149853,6745,149854,6844,-1,-99
Isernia,Sanluri,OK,696398,20078,730320,182661,-33922,-162583
Isernia,Sassari,OK,762843,23386,600893,178830,161950,-155444
Isernia,Savona,OK,703443,24829,703451,24885,-8,-56
Isernia,Siena,OK,401566,14290,401567,14345,-1,-55
Isernia,Siracusa,OK,744830,35423,745410,35546,-580,-123
Isernia,Sondrio,OK,859848,29842,859838,30457,10,-615
Isernia,Taranto,OK,365056,16383,365868,16435,-812,-52
Isernia,Tempio Pausania,OK,760810,23275,544210,175679,216600,-152404
Isernia,Teramo,OK,198329,8898,198331,8892,-2,6
Isernia,Terni,OK,257059,10011,257060,10066,-1,-55
Isernia,Torino,OK,847560,29152,847484,29685,76,-533
Isernia,Tortolì,OK,560937,13515,661512,180881,-100575,-167366
Isernia,Trani,OK,240740,11199,241510,11249,-770,-50
Isernia,Trapani,OK,531414,39732,912271,42216,-380857,-2484
Isernia,Trento,OK,741157,24477,741081,25010,76,-533
Isernia,Treviso,OK,699048,23363,698975,23798,73,-435
Isernia,Trieste,OK,838937,27774,838834,28578,103,-804
Isernia,Udine,OK,798851,26657,799100,27532,-249,-875
Isernia,Urbino,OK,383954,15552,383946,15552,8,0
Isernia,Varese,OK,788755,26246,788679,26782,76,-536
Isernia,Venezia,OK,684171,22831,683570,23220,601,-389
Isernia,Verbania,OK,833104,28266,833033,28802,71,-536
Isernia,Vercelli,OK,813135,27685,813055,28220,80,-535
Isernia,Verona,OK,659174,22196,659105,22694,69,-498
Isernia,Vibo Valentia,OK,497421,21281,497999,21404,-578,-123
Isernia,Vicenza,OK,680157,22855,680081,23291,76,-436
Isernia,Villacidro,OK,724213,21453,747234,183930,-23021,-162477
Isernia,Viterbo,OK,261525,10381,261525,10436,0,-55
L'Aquila,Agrigento,OK,958769,44328,959151,44356,-382,-28
L'Aquila,Alessandria,OK,700803,22879,647360,23162,53443,-283
L'Aquila,Ancona,OK,196662,7092,196621,7089,41,3
L'Aquila,Andria,OK,356997,12838,341784,12787,15213,51
L'Aquila,Aosta,OK,849056,28516,795882,28781,53174,-265
L'Aquila,Arezzo,OK,307875,10082,307704,10088,171,-6
L'Aquila,Ascoli Piceno,OK,95239,3969,95199,3967,40,2
L'Aquila,Asti,OK,736470,24106,683346,24369,53124,-263
L'Aquila,Avellino,OK,252700,10028,252517,10092,183,-64
L'Aquila,Bari,OK,407616,14891,392404,14840,15212,51
L'Aquila,Barletta,OK,356251,12912,341036,12861,15215,51
L'Aquila,Belluno,OK,639091,21877,639041,21874,50,3
L'Aquila,Benevento,OK,235344,9911,235150,9915,194,-4
L'Aquila,Bergamo,OK,691802,22589,655713,22912,36089,-323
L'Aquila,Biella,OK,766566,25396,713394,25658,53172,-262
L'Aquila,Bologna,OK,399450,14901,399398,14898,52,3
L'Aquila,Bolzano - Bozen,OK,733111,23630,679968,23892,53143,-262
L'Aquila,Brescia,OK,647533,20815,594391,21292,53142,-477
L'Aquila,Brindisi,OK,521823,18871,506610,18820,15213,51
L'Aquila,Cagliari,OK,651467,18170,724906,182105,-73439,-163935
L'Aquila,Caltanissetta,OK,908300,41191,908682,41219,-382,-28
L'Aquila,Campobasso,OK,227349,10571,191128,10508,36221,63
L'Aquila,Carbonia,OK,717862,20940,755202,184060,-37340,-163120
L'Aquila,Caserta,OK,201201,8233,201008,8238,193,-5
L'Aquila,Catania,OK,799018,36840,799403,36868,-385,-28
L'Aquila,Catanzaro,OK,614930,24612,615313,24640,-383,-28
L'Aquila,Chieti,OK,116329,4621,87432,4269,28897,352
L'Aquila,Como,OK,716617,22896,663473,23160,53144,-264
L'Aquila,Cosenza,OK,521941,20897,522324,20924,-383,-27
L'Aquila,Cremona,OK,632661,20347,579519,20609,53142,-262
L'Aquila,Crotone,OK,600433,25854,600816,25882,-383,-28
L'Aquila,Cuneo,OK,738223,25781,738058,25787,165,-6
L'Aquila,Enna,OK,882937,40335,883319,40363,-382,-28
L'Aquila,Fermo,OK,143739,5100,143699,5098,40,2
L'Aquila,Ferrara,OK,440854,16205,440802,16202,52,3
L'Aquila,Firenze,OK,363700,11724,363854,11729,-154,-5
L'Aquila,Foggia,OK,287177,9964,271965,9913,15212,51
L'Aquila,Forlì,OK,343156,12819,343103,12816,53,3
L'Aquila,Frosinone,OK,125247,5100,125274,5110,-27,-10
L'Aquila,Genova,OK,598114,20182,597941,20186,173,-4
L'Aquila,Gorizia,OK,673528,23725,673492,24059,36,-334
L'Aquila,Grosseto,OK,307534,11635,307361,11624,173,11
L'Aquila,Iglesias,OK,695169,19898,728230,183059,-33061,-163161
L'Aquila,Imperia,OK,714730,24764,714558,24769,172,-5
L'Aquila,Isernia,OK,178266,7874,140788,7692,37478,182
L'Aquila,La Spezia,OK,511742,16648,511570,16654,172,-6
L'Aquila,Lanusei,OK,529715,11812,614163,178342,-84448,-166530
L'Aquila,Latina,OK,174050,6693,173877,6662,173,31
L'Aquila,Lecce,OK,557197,20273,541984,20222,15213,51
L'Aquila,Lecco,OK,716198,23123,663054,23387,53144,-264
L'Aquila,Livorno,OK,453091,15405,452919,15411,172,-6
L'Aquila,Lodi,OK,640074,20333,586931,20594,53143,-261
L'Aquila,Macerata,OK,180153,6688,180115,6686,38,2
L'Aquila,Mantova,OK,562753,18131,509611,18392,53142,-261
L'Aquila,Massa,OK,483714,15575,483545,15582,169,-7
L'Aquila,Matera,OK,432167,16977,416962,16935,15205,42
L'Aquila,Messina,OK,703428,32700,703813,32728,-385,-28
L'Aquila,Milano,OK,664433,21127,611289,21391,53144,-264
L'Aquila,Modena,OK,496518,16554,443381,16815,53137,-261
L'Aquila,Monza,OK,676622,21525,623478,21789,53144,-264
L'Aquila,Napoli,OK,226999,8964,226806,8969,193,-5
L'Aquila,Novara,OK,717987,23637,664835,23901,53152,-264
L'Aquila,Nuoro,OK,602382,15487,554400,175124,47982,-159637
L'Aquila,Olbia,OK,670438,18524,452607,170854,217831,-152330
L'Aquila,Oristano,OK,683469,18985,633729,178525,49740,-159540
L'Aquila,Padova,OK,511786,18262,511732,18259,54,3
L'Aquila,Palermo,OK,550478,39687,928235,41834,-377757,-2147
L'Aquila,Parma,OK,549161,18233,496018,18494,53143,-261
L'Aquila,Pavia,OK,653307,21479,600185,21742,53122,-263
L'Aquila,Perugia,OK,173842,8178,173579,8180,263,-2
L'Aquila,Pesaro,OK,259900,9529,259848,9526,52,3
L'Aquila,Piacenza,OK,603635,19261,550492,19519,53143,-258
L'Aquila,Pisa,OK,444212,14932,444039,14938,173,-6
L'Aquila,Pistoia,OK,402553,12821,402834,12863,-281,-42
L'Aquila,Pordenone,OK,620549,21125,620499,21396,50,-271
L'Aquila,Potenza,OK,394159,15516,378946,15465,15213,51
L'Aquila,Prato,OK,385955,12439,385782,12445,173,-6
L'Aquila,Ragusa,OK,904878,42177,905078,42205,-200,-28
L'Aquila,Ravenna,OK,348632,12957,348580,12917,52,40
L'Aquila,Reggio di Calabria,OK,705620,28077,706005,28105,-385,-28
L'Aquila,Rieti,OK,58782,3227,58520,3230,262,-3
L'Aquila,Rimini,OK,290333,10566,290281,10563,52,3
L'Aquila,Roma,OK,118688,4207,118514,4196,174,11
L'Aquila,Rovigo,OK,473735,16880,473699,16878,36,2
L'Aquila,Salerno,OK,268966,10645,268773,10649,193,-4
L'Aquila,Sanluri,OK,647129,17532,680878,180050,-33749,-162518
L'Aquila,Sassari,OK,713575,20841,551451,176219,162124,-155378
L'Aquila,Savona,OK,639351,21784,639186,21790,165,-6
L'Aquila,Siena,OK,337474,11245,337301,11250,173,-5
L'Aquila,Siracusa,OK,863943,39323,864329,39351,-386,-28
L'Aquila,Sondrio,OK,795756,26797,742679,27140,53077,-343
L'Aquila,Taranto,OK,491558,18505,476387,18456,15171,49
L'Aquila,Tempio Pausania,OK,711542,20729,494769,173067,216773,-152338
L'Aquila,Teramo,OK,61105,1989,61065,1987,40,2
L'Aquila,Terni,OK,92712,5001,92450,5003,262,-2
L'Aquila,Torino,OK,783468,26107,730325,26368,53143,-261
L'Aquila,Tortolì,OK,511669,10969,612070,178270,-100401,-167301
L'Aquila,Trani,OK,367242,13321,352029,13270,15213,51
L'Aquila,Trapani,OK,650527,43631,1031190,46021,-380663,-2390
L'Aquila,Trento,OK,677064,21432,623922,21693,53142,-261
L'Aquila,Treviso,OK,562966,19722,562917,19719,49,3
L'Aquila,Trieste,OK,702855,24133,702776,24499,79,-366
L'Aquila,Udine,OK,662769,23016,663042,23454,-273,-438
L'Aquila,Urbino,OK,286181,10604,286129,10601,52,3
L'Aquila,Varese,OK,724663,23201,671520,23465,53143,-264
L'Aquila,Venezia,OK,548089,19191,547511,19142,578,49
L'Aquila,Verbania,OK,769012,25221,715873,25485,53139,-264
L'Aquila,Vercelli,OK,749043,24640,695896,24903,53147,-263
L'Aquila,Verona,OK,595082,19151,541946,19377,53136,-226
L'Aquila,Vibo Valentia,OK,616534,25181,616918,25208,-384,-27
L'Aquila,Vicenza,OK,544075,19214,544023,19213,52,1
L'Aquila,Villacidro,OK,674945,18908,697792,181319,-22847,-162411
L'Aquila,Viterbo,OK,197433,7336,197260,7342,173,-6
La Spezia,Agrigento,OK,1349516,55237,1350091,55260,-575,-23
La Spezia,Alessandria,OK,185798,7801,186086,7814,-288,-13
La Spezia,Ancona,OK,431939,16599,431939,16599,0,0
La Spezia,Andria,OK,769674,26741,770444,26791,-770,-50
La Spezia,Aosta,OK,350855,14172,350824,14173,31,-1
La Spezia,Arezzo,OK,222294,7656,222295,7657,-1,-1
La Spezia,Ascoli Piceno,OK,444008,17431,444043,17432,-35,-1
La Spezia,Asti,OK,227147,9176,227166,9177,-19,-1
La Spezia,Avellino,OK,643446,20937,643458,20996,-12,-59
La Spezia,Bari,OK,820293,28795,821064,28844,-771,-49
La Spezia,Barletta,OK,768928,26815,769696,26865,-768,-50
La Spezia,Belluno,OK,451404,14730,451407,14730,-3,0
La Spezia,Benevento,OK,626090,20819,626090,20819,0,0
La Spezia,Bergamo,OK,266479,9621,266480,9623,-1,-2
La Spezia,Biella,OK,290839,11989,290812,11988,27,1
La Spezia,Bologna,OK,211619,7783,211620,7783,-1,0
La Spezia,Bolzano - Bozen,OK,397270,13550,397270,13550,0,0
La Spezia,Brescia,OK,235592,8639,235592,8982,0,-343
La Spezia,Brindisi,OK,934501,32775,935270,32825,-769,-50
La Spezia,Cagliari,OK,859374,25869,932992,189817,-73618,-163948
La Spezia,Caltanissetta,OK,1299047,52099,1299622,52123,-575,-24
La Spezia,Campobasso,OK,622494,22147,622493,22202,1,-55
La Spezia,Carbonia,OK,925768,28639,963288,191772,-37520,-163133
La Spezia,Caserta,OK,591948,19141,591949,19142,-1,-1
La Spezia,Catania,OK,1189764,47748,1190343,47771,-579,-23
La Spezia,Catanzaro,OK,1005676,35521,1006253,35544,-577,-23
La Spezia,Chieti,OK,592236,19008,588859,19020,3377,-12
La Spezia,Como,OK,274240,9869,274239,9872,1,-3
La Spezia,Cosenza,OK,912688,31805,913264,31828,-576,-23
La Spezia,Cremona,OK,190285,7321,190285,7321,0,0
La Spezia,Crotone,OK,991180,36763,991756,36786,-576,-23
La Spezia,Cuneo,OK,247851,10205,247858,10205,-7,0
La Spezia,Enna,OK,1273684,51244,1274259,51267,-575,-23
La Spezia,Fermo,OK,453065,17309,453064,17313,1,-4
La Spezia,Ferrara,OK,253168,9058,253168,9059,0,-1
La Spezia,Firenze,OK,151417,5731,151417,5731,0,0
La Spezia,Foggia,OK,773371,24663,773392,24665,-21,-2
La Spezia,Forlì,OK,281912,11044,281903,11043,9,1
La Spezia,Frosinone,OK,482756,15902,482756,15901,0,1
La Spezia,Genova,OK,107741,4606,107741,4604,0,2
La Spezia,Gorizia,OK,485842,16578,485857,16915,-15,-337
La Spezia,Grosseto,OK,227829,9709,227829,9707,0,2
La Spezia,Iglesias,OK,903076,27597,936317,190770,-33241,-163173
La Spezia,Imperia,OK,224358,9187,224358,9187,0,0
La Spezia,Isernia,OK,573411,19450,573411,19505,0,-55
La Spezia,L'Aquila,OK,509331,16256,509329,16256,2,0
La Spezia,Lanusei,OK,737621,19512,822250,186054,-84629,-166542
La Spezia,Latina,OK,485344,16783,485345,16765,-1,18
La Spezia,Lecce,OK,969874,34176,970644,34226,-770,-50
La Spezia,Lecco,OK,273821,10096,273821,10099,0,-3
La Spezia,Livorno,OK,95768,4149,95768,4149,0,0
La Spezia,Lodi,OK,197698,7306,197697,7306,1,0
La Spezia,Macerata,OK,420441,15773,420443,15768,-2,5
La Spezia,Mantova,OK,226912,8050,226912,8050,0,0
La Spezia,Massa,OK,37008,1743,37011,1743,-3,0
La Spezia,Matera,OK,816913,30516,817661,30580,-748,-64
La Spezia,Messina,OK,1094175,43608,1094754,43632,-579,-24
La Spezia,Milano,OK,222057,8101,222056,8103,1,-2
La Spezia,Modena,OK,176205,6704,176205,6704,0,0
La Spezia,Monza,OK,234245,8499,234245,8501,0,-2
La Spezia,Napoli,OK,617746,19873,617746,19873,0,0
La Spezia,Novara,OK,255161,10457,255161,10457,0,0
La Spezia,Nuoro,OK,810288,23187,762486,182836,47802,-159649
La Spezia,Olbia,OK,878344,26224,660694,178565,217650,-152341
La Spezia,Oristano,OK,891375,26685,841816,186236,49559,-159551
La Spezia,Padova,OK,324100,11115,324098,11115,2,0
La Spezia,Palermo,OK,941225,50595,1319176,52738,-377951,-2143
La Spezia,Parma,OK,119970,5170,119970,5170,0,0
La Spezia,Pavia,OK,218786,8305,218786,8305,0,0
La Spezia,Perugia,OK,298816,10221,298816,10222,0,-1
La Spezia,Pesaro,OK,360799,13550,360799,13565,0,-15
La Spezia,Piacenza,OK,161258,6234,161258,6231,0,3
La Spezia,Pisa,OK,78542,3540,78542,3540,0,0
La Spezia,Pistoia,OK,115380,4276,115834,4312,-454,-36
La Spezia,Pordenone,OK,432863,13978,432865,14252,-2,-274
La Spezia,Potenza,OK,772078,26668,772079,26668,-1,0
La Spezia,Prato,OK,136135,4932,136135,4932,0,0
La Spezia,Ragusa,OK,1295625,53086,1296019,53109,-394,-23
La Spezia,Ravenna,OK,288263,10836,288262,10835,1,1
La Spezia,Reggio di Calabria,OK,1096366,38986,1096946,39009,-580,-23
La Spezia,Rieti,OK,409106,13940,409103,13940,3,0
La Spezia,Rimini,OK,328188,12167,328188,12182,0,-15
La Spezia,Roma,OK,419815,14212,419815,14212,0,0
La Spezia,Rovigo,OK,286048,9734,286064,9734,-16,0
La Spezia,Salerno,OK,659712,21553,659713,21553,-1,0
La Spezia,Sanluri,OK,855035,25232,888965,187762,-33930,-162530
La Spezia,Sassari,OK,921481,28541,759538,183930,161943,-155389
La Spezia,Savona,OK,148978,6208,148986,6208,-8,0
La Spezia,Siena,OK,211167,8098,211166,8099,1,-1
La Spezia,Siracusa,OK,1254690,50232,1255269,50255,-579,-23
La Spezia,Sondrio,OK,353380,13770,353445,13852,-65,-82
La Spezia,Taranto,OK,904236,32408,905047,32461,-811,-53
La Spezia,Tempio Pausania,OK,919448,28429,702855,180779,216593,-152350
La Spezia,Teramo,OK,566975,17856,567006,17858,-31,-2
La Spezia,Terni,OK,373356,11925,373356,11925,0,0
La Spezia,Torino,OK,274144,11177,274144,11177,0,0
La Spezia,Tortolì,OK,719575,18669,820157,185981,-100582,-167312
La Spezia,Trani,OK,779919,27224,780689,27274,-770,-50
La Spezia,Trapani,OK,1041274,54540,1422130,56925,-380856,-2385
La Spezia,Trento,OK,341223,11352,341223,11352,0,0
La Spezia,Treviso,OK,375280,12576,375283,12576,-3,0
La Spezia,Trieste,OK,515168,16987,515141,17355,27,-368
La Spezia,Udine,OK,475082,15869,475407,16310,-325,-441
La Spezia,Urbino,OK,326056,13512,326058,13512,-2,0
La Spezia,Varese,OK,282287,10174,282286,10176,1,-2
La Spezia,Venezia,OK,360403,12044,359877,11998,526,46
La Spezia,Verbania,OK,326635,12194,326640,12197,-5,-3
La Spezia,Vercelli,OK,250041,10265,250038,10264,3,1
La Spezia,Verona,OK,259241,9070,259248,9036,-7,34
La Spezia,Vibo Valentia,OK,1007281,36089,1007858,36112,-577,-23
La Spezia,Vicenza,OK,307994,10535,308230,10492,-236,43
La Spezia,Villacidro,OK,882851,26608,905879,189031,-23028,-162423
La Spezia,Viterbo,OK,361169,11927,361177,11927,-8,0
Lanusei,Agrigento,OK,1348157,49500,1435853,216026,-87696,-166526
Lanusei,Alessandria,OK,925888,25513,1012634,192516,-86746,-167003
Lanusei,Ancona,OK,715382,17749,802534,184254,-87152,-166505
Lanusei,Andria,OK,768315,21004,856207,187557,-87892,-166553
Lanusei,Aosta,OK,1074141,31150,1161155,198135,-87014,-166985
Lanusei,Arezzo,OK,532960,12717,620083,179220,-87123,-166503
Lanusei,Ascoli Piceno,OK,613959,14626,701112,181131,-87153,-166505
Lanusei,Asti,OK,961555,26741,1048620,193723,-87065,-166982
Lanusei,Avellino,OK,642087,15200,729220,181763,-87133,-166563
Lanusei,Bari,OK,818934,23058,906826,189611,-87892,-166553
Lanusei,Barletta,OK,767569,21078,855458,187631,-87889,-166553
Lanusei,Belluno,OK,936165,25106,1023214,191990,-87049,-166884
Lanusei,Benevento,OK,624731,15082,711853,181586,-87122,-166504
Lanusei,Bergamo,OK,916887,25223,1020987,192266,-104100,-167043
Lanusei,Biella,OK,991651,28030,1078668,195012,-87017,-166982
Lanusei,Bologna,OK,693098,18012,780145,184895,-87047,-166883
Lanusei,Bolzano - Bozen,OK,958196,26264,1045242,193246,-87046,-166982
Lanusei,Brescia,OK,872618,23449,959664,190646,-87046,-167197
Lanusei,Brindisi,OK,933141,27038,1021033,193591,-87892,-166553
Lanusei,Cagliari,OK,135194,6516,135194,6516,0,0
Lanusei,Caltanissetta,OK,1297688,46362,1385385,212889,-87697,-166527
Lanusei,Campobasso,OK,621135,16410,708256,182969,-87121,-166559
Lanusei,Carbonia,OK,201588,9286,201569,9283,19,3
Lanusei,Caserta,OK,590589,13404,677711,179908,-87122,-166504
Lanusei,Catania,OK,1188405,42011,1276106,208538,-87701,-166527
Lanusei,Catanzaro,OK,1004317,29784,1092016,196310,-87699,-166526
Lanusei,Chieti,OK,605087,13799,688832,180313,-83745,-166514
Lanusei,Como,OK,941702,25530,1028746,192514,-87044,-166984
Lanusei,Cosenza,OK,911329,26068,999027,192594,-87698,-166526
Lanusei,Cremona,OK,857746,22981,944792,189963,-87046,-166982
Lanusei,Crotone,OK,989821,31026,1077519,197552,-87698,-166526
Lanusei,Cuneo,OK,963308,28415,1050437,194919,-87129,-166504
Lanusei,Enna,OK,1272324,45507,1360022,212034,-87698,-166527
Lanusei,Fermo,OK,662460,15757,749612,182262,-87152,-166505
Lanusei,Ferrara,OK,737929,19435,824975,186318,-87046,-166883
Lanusei,Firenze,OK,588785,14358,676233,180861,-87448,-166503
Lanusei,Foggia,OK,786221,19453,873364,185958,-87143,-166505
Lanusei,Forlì,OK,665942,19007,753064,185511,-87122,-166504
Lanusei,Frosinone,OK,481396,10165,568518,176668,-87122,-166503
Lanusei,Genova,OK,823199,22816,910320,189318,-87121,-166502
Lanusei,Gorizia,OK,970603,26954,1057664,194174,-87061,-167220
Lanusei,Grosseto,OK,431407,10449,518528,176952,-87121,-166503
Lanusei,Iglesias,OK,178896,8244,178897,8244,-1,0
Lanusei,Imperia,OK,939815,27398,1026937,193901,-87122,-166503
Lanusei,Isernia,OK,572052,13713,659173,180272,-87121,-166559
Lanusei,L'Aquila,OK,522182,11046,609302,177549,-87120,-166503
Lanusei,La Spezia,OK,736827,19282,823949,185786,-87122,-166504
Lanusei,Latina,OK,452918,9879,540040,176383,-87122,-166504
Lanusei,Lecce,OK,968515,28439,1056407,194992,-87892,-166553
Lanusei,Lecco,OK,941283,25757,1028328,192741,-87045,-166984
Lanusei,Livorno,OK,567306,16449,654428,182952,-87122,-166503
Lanusei,Lodi,OK,865159,22967,952204,189948,-87045,-166981
Lanusei,Macerata,OK,576606,16920,663729,183413,-87123,-166493
Lanusei,Mantova,OK,787838,20765,874884,187746,-87046,-166981
Lanusei,Massa,OK,708799,18210,795924,184713,-87125,-166503
Lanusei,Matera,OK,815553,24779,903423,191346,-87870,-166567
Lanusei,Messina,OK,1092815,37871,1180516,204398,-87701,-166527
Lanusei,Milano,OK,889518,23761,976563,190745,-87045,-166984
Lanusei,Modena,OK,721603,19188,808654,186169,-87051,-166981
Lanusei,Monza,OK,901707,24160,988752,191143,-87045,-166983
Lanusei,Napoli,OK,616387,14136,703509,180639,-87122,-166503
Lanusei,Novara,OK,943072,26271,1030108,193255,-87036,-166984
Lanusei,Nuoro,OK,71094,3799,71093,3799,1,0
Lanusei,Olbia,OK,164926,7745,164927,7744,-1,1
Lanusei,Oristano,OK,152181,7296,152180,7296,1,0
Lanusei,Padova,OK,808861,21492,895905,188375,-87044,-166883
Lanusei,Palermo,OK,939865,44858,1404938,213504,-465073,-168646
Lanusei,Parma,OK,774246,20867,861291,187848,-87045,-166981
Lanusei,Pavia,OK,878392,24113,965458,191096,-87066,-166983
Lanusei,Perugia,OK,503053,12489,590174,178992,-87121,-166503
Lanusei,Pesaro,OK,627745,18929,714861,185433,-87116,-166504
Lanusei,Piacenza,OK,828720,21895,915765,188873,-87045,-166978
Lanusei,Pisa,OK,581174,17365,668296,183868,-87122,-166503
Lanusei,Pistoia,OK,627638,15455,715213,181995,-87575,-166540
Lanusei,Pordenone,OK,917624,24355,1004672,191512,-87048,-167157
Lanusei,Potenza,OK,770719,20931,857842,187435,-87123,-166504
Lanusei,Prato,OK,611040,15073,698161,181577,-87121,-166504
Lanusei,Ragusa,OK,1294265,47349,1381781,213876,-87516,-166527
Lanusei,Ravenna,OK,680285,19522,767406,185988,-87121,-166466
Lanusei,Reggio di Calabria,OK,1095007,33249,1182708,199775,-87701,-166526
Lanusei,Rieti,OK,471794,10840,558915,177343,-87121,-166503
Lanusei,Rimini,OK,652595,19318,739757,185823,-87162,-166505
Lanusei,Roma,OK,393715,7794,480798,174294,-87083,-166500
Lanusei,Rovigo,OK,770810,20110,857871,186994,-87061,-166884
Lanusei,Salerno,OK,658353,15816,745475,182319,-87122,-166503
Lanusei,Sanluri,OK,133463,5863,133463,5863,0,0
Lanusei,Sassari,OK,182288,9152,180738,9098,1550,54
Lanusei,Savona,OK,864436,24418,951565,190922,-87129,-166504
Lanusei,Siena,OK,562559,13879,649681,180382,-87122,-166503
Lanusei,Siracusa,OK,1253331,44495,1341032,211021,-87701,-166526
Lanusei,Sondrio,OK,1020841,29431,1107952,196494,-87111,-167063
Lanusei,Taranto,OK,902876,26671,990809,193227,-87933,-166556
Lanusei,Tempio Pausania,OK,206030,9950,206029,9950,1,0
Lanusei,Teramo,OK,579825,12646,666978,179151,-87153,-166505
Lanusei,Terni,OK,434111,9858,521234,176362,-87123,-166504
Lanusei,Torino,OK,1008553,28741,1095598,195722,-87045,-166981
Lanusei,Tortolì,OK,18051,849,18051,849,0,0
Lanusei,Trani,OK,778560,21487,866452,188040,-87892,-166553
Lanusei,Trapani,OK,1039914,48803,1507892,217691,-467978,-168888
Lanusei,Trento,OK,902149,24066,989195,191048,-87046,-166982
Lanusei,Treviso,OK,860041,22952,947090,189835,-87049,-166883
Lanusei,Trieste,OK,999930,27363,1086948,194615,-87018,-167252
Lanusei,Udine,OK,959844,26245,1047214,193569,-87370,-167324
Lanusei,Urbino,OK,592916,17759,680033,184275,-87117,-166516
Lanusei,Varese,OK,949748,25835,1036793,192819,-87045,-166984
Lanusei,Venezia,OK,845164,22420,931684,189257,-86520,-166837
Lanusei,Verbania,OK,994097,27855,1081147,194839,-87050,-166984
Lanusei,Vercelli,OK,974128,27274,1061169,194258,-87041,-166984
Lanusei,Verona,OK,820167,21785,907220,188732,-87053,-166947
Lanusei,Vibo Valentia,OK,1005922,30352,1093620,196879,-87698,-166527
Lanusei,Vicenza,OK,841150,22444,928195,189329,-87045,-166885
Lanusei,Villacidro,OK,161279,7238,162092,7301,-813,-63
Lanusei,Viterbo,OK,379445,7693,466566,174197,-87121,-166504
Latina,Agrigento,OK,928923,43361,929498,43387,-575,-26
Latina,Alessandria,OK,675105,23191,674730,23671,375,-480
Latina,Ancona,OK,364453,13062,364483,13050,-30,12
Latina,Andria,OK,349081,14865,349852,14918,-771,-53
Latina,Aosta,OK,823358,28829,823251,29290,107,-461
Latina,Arezzo,OK,282178,10395,282179,10375,-1,20
Latina,Ascoli Piceno,OK,263030,9939,263061,9927,-31,12
Latina,Asti,OK,710773,24419,710716,24878,57,-459
Latina,Avellino,OK,222854,9061,222865,9123,-11,-62
Latina,Bari,OK,399700,16919,400471,16971,-771,-52
Latina,Barletta,OK,348335,14939,349103,14992,-768,-53
Latina,Belluno,OK,685383,22785,685310,23145,73,-360
Latina,Benevento,OK,205498,8943,205498,8946,0,-3
Latina,Bergamo,OK,666104,22902,683083,23421,-16979,-519
Latina,Biella,OK,740868,25708,740764,26167,104,-459
Latina,Bologna,OK,442316,15690,442241,16050,75,-360
Latina,Bolzano - Bozen,OK,707414,23943,707338,24401,76,-458
Latina,Brescia,OK,621836,21128,621760,21801,76,-673
Latina,Brindisi,OK,513908,20899,514678,20952,-770,-53
Latina,Cagliari,OK,580839,16751,654450,180697,-73611,-163946
Latina,Caltanissetta,OK,878454,40223,879030,40250,-576,-27
Latina,Campobasso,OK,201902,10271,201901,10329,1,-58
Latina,Carbonia,OK,647233,19521,684746,182652,-37513,-163131
Latina,Caserta,OK,171355,7265,171356,7269,-1,-4
Latina,Catania,OK,769172,35872,769751,35899,-579,-27
Latina,Catanzaro,OK,585084,23645,585661,23671,-577,-26
Latina,Chieti,OK,254157,9112,250781,9110,3376,2
Latina,Como,OK,690919,23208,690843,23669,76,-461
Latina,Cosenza,OK,492095,19929,492672,19955,-577,-26
Latina,Cremona,OK,606964,20660,606888,21118,76,-458
Latina,Crotone,OK,570587,24887,571163,24913,-576,-26
Latina,Cuneo,OK,712525,26093,712533,26074,-8,19
Latina,Enna,OK,853091,39368,853666,39394,-575,-26
Latina,Fermo,OK,311530,11070,311561,11059,-31,11
Latina,Ferrara,OK,487147,17113,487071,17473,76,-360
Latina,Firenze,OK,338002,12037,338329,12017,-327,20
Latina,Foggia,OK,314809,13516,315579,13569,-770,-53
Latina,Forlì,OK,415159,16686,415160,16666,-1,20
Latina,Frosinone,OK,54692,3133,54692,3136,0,-3
Latina,Genova,OK,572416,20495,572417,20473,-1,22
Latina,Gorizia,OK,719820,24632,719761,25330,59,-698
Latina,Grosseto,OK,236905,10216,236906,10216,-1,0
Latina,Iglesias,OK,624541,18479,657775,181651,-33234,-163172
Latina,Imperia,OK,689032,25076,689033,25056,-1,20
Latina,Isernia,OK,152819,7574,152818,7632,1,-58
Latina,L'Aquila,OK,171252,6359,171250,6346,2,13
Latina,La Spezia,OK,486044,16961,486045,16941,-1,20
Latina,Lanusei,OK,459086,10393,543707,176934,-84621,-166541
Latina,Lecce,OK,549282,22300,550052,22353,-770,-53
Latina,Lecco,OK,690500,23435,690424,23896,76,-461
Latina,Livorno,OK,427394,15718,427394,15698,0,20
Latina,Lodi,OK,614376,20645,614300,21104,76,-459
Latina,Macerata,OK,347944,12658,347977,12647,-33,11
Latina,Mantova,OK,537056,18443,536980,18901,76,-458
Latina,Massa,OK,458016,15888,458020,15869,-4,19
Latina,Matera,OK,396320,18640,397068,18707,-748,-67
Latina,Messina,OK,673582,31732,674161,31759,-579,-27
Latina,Milano,OK,638736,21440,638659,21900,77,-460
Latina,Modena,OK,470820,16866,470750,17325,70,-459
Latina,Monza,OK,650924,21838,650848,22299,76,-461
Latina,Napoli,OK,197153,7997,197154,8000,-1,-3
Latina,Novara,OK,692290,23950,692205,24411,85,-461
Latina,Nuoro,OK,531753,14069,483944,173716,47809,-159647
Latina,Olbia,OK,599809,17105,382152,169446,217657,-152341
Latina,Oristano,OK,612840,17566,563273,177117,49567,-159551
Latina,Padova,OK,558079,19170,558001,19530,78,-360
Latina,Palermo,OK,520632,38719,898583,40865,-377951,-2146
Latina,Parma,OK,523463,18545,523388,19003,75,-458
Latina,Pavia,OK,627610,21791,627554,22251,56,-460
Latina,Perugia,OK,236211,9909,236210,9889,1,20
Latina,Pesaro,OK,427691,15499,427710,15487,-19,12
Latina,Piacenza,OK,577937,19573,577862,20028,75,-455
Latina,Pisa,OK,418514,15245,418515,15225,-1,20
Latina,Pistoia,OK,376855,13134,377309,13150,-454,-16
Latina,Pordenone,OK,666841,22033,666768,22667,73,-634
Latina,Potenza,OK,351485,14792,351487,14795,-2,-3
Latina,Prato,OK,360257,12752,360258,12732,-1,20
Latina,Ragusa,OK,875032,41210,875426,41236,-394,-26
Latina,Ravenna,OK,429502,17200,429503,17143,-1,57
Latina,Reggio di Calabria,OK,675774,27110,676353,27136,-579,-26
Latina,Rieti,OK,143028,6515,143029,6495,-1,20
Latina,Rimini,OK,458124,16536,458143,16523,-19,13
Latina,Roma,OK,70084,3447,70084,3447,0,0
Latina,Rovigo,OK,520027,17788,519968,18149,59,-361
Latina,Salerno,OK,239120,9677,239120,9680,0,-3
Latina,Sanluri,OK,576501,16114,610422,178642,-33921,-162528
Latina,Sassari,OK,642946,19422,480996,174811,161950,-155389
Latina,Savona,OK,613653,22096,613662,22077,-9,19
Latina,Siena,OK,311776,11557,311777,11537,-1,20
Latina,Siracusa,OK,834097,38356,834676,38382,-579,-26
Latina,Sondrio,OK,770058,27110,770049,27649,9,-539
Latina,Taranto,OK,483643,20532,484454,20588,-811,-56
Latina,Tempio Pausania,OK,640913,19311,424313,171659,216600,-152348
Latina,Teramo,OK,228896,7959,228927,7947,-31,12
Latina,Terni,OK,167269,7279,167270,7259,-1,20
Latina,Torino,OK,757770,26419,757695,26878,75,-459
Latina,Tortolì,OK,441040,9551,541615,176862,-100575,-167311
Latina,Trani,OK,359326,15348,360097,15401,-771,-53
Latina,Trapani,OK,620681,42664,1001537,45052,-380856,-2388
Latina,Trento,OK,651367,21744,651291,22203,76,-459
Latina,Treviso,OK,609259,20630,609186,20990,73,-360
Latina,Trieste,OK,749147,25041,749045,25770,102,-729
Latina,Udine,OK,709061,23924,709311,24724,-250,-800
Latina,Urbino,OK,326074,15179,326069,15172,5,7
Latina,Varese,OK,698965,23513,698889,23974,76,-461
Latina,Venezia,OK,594381,20098,593780,20412,601,-314
Latina,Verbania,OK,743314,25534,743243,25994,71,-460
Latina,Vercelli,OK,723346,24952,723265,25413,81,-461
Latina,Verona,OK,569385,19463,569316,19887,69,-424
Latina,Vibo Valentia,OK,586688,24213,587265,24239,-577,-26
Latina,Vicenza,OK,590367,20122,590292,20484,75,-362
Latina,Villacidro,OK,604316,17489,627337,179911,-23021,-162422
Latina,Viterbo,OK,159701,7246,159701,7246,0,0
Lecce,Agrigento,OK,737512,37354,737511,37367,1,-13
Lecce,Alessandria,OK,1064957,38004,1064646,38026,311,-22
Lecce,Ancona,OK,613907,21953,613907,21953,0,0
Lecce,Andria,OK,207194,8144,207193,8144,1,0
Lecce,Aosta,OK,1213210,43642,1213167,43645,43,-3
Lecce,Arezzo,OK,794219,28285,794233,28293,-14,-8
Lecce,Ascoli Piceno,OK,549210,19742,549210,19743,0,-1
Lecce,Asti,OK,1100625,39232,1100632,39233,-7,-1
Lecce,Avellino,OK,359238,14695,359238,14695,0,0
Lecce,Bari,OK,151237,5862,151237,5862,0,0
Lecce,Barletta,OK,210454,8142,210453,8142,1,0
Lecce,Belluno,OK,1056336,36738,1056326,36738,10,0
Lecce,Benevento,OK,350893,14095,350892,14095,1,0
Lecce,Bergamo,OK,1055956,37715,1072999,37775,-17043,-60
Lecce,Biella,OK,1130720,40521,1130680,40522,40,-1
Lecce,Bologna,OK,816695,29762,816683,29762,12,0
Lecce,Bolzano - Bozen,OK,1097266,38756,1097254,38756,12,0
Lecce,Brescia,OK,1011688,35941,1011676,36156,12,-215
Lecce,Brindisi,OK,37557,1754,37557,1754,0,0
Lecce,Cagliari,OK,1122987,35872,1196611,199826,-73624,-163954
Lecce,Caltanissetta,OK,687043,34216,687042,34230,1,-14
Lecce,Campobasso,OK,368689,15706,368691,15706,-2,0
Lecce,Carbonia,OK,1189381,38642,1226907,201782,-37526,-163140
Lecce,Caserta,OK,413324,16374,413338,16381,-14,-7
Lecce,Catania,OK,577760,29865,577763,29879,-3,-14
Lecce,Catanzaro,OK,393672,17638,393673,17651,-1,-13
Lecce,Chieti,OK,459154,17006,467608,17096,-8454,-90
Lecce,Como,OK,1080771,38021,1080758,38023,13,-2
Lecce,Cosenza,OK,300684,13922,300684,13935,0,-13
Lecce,Cremona,OK,996816,35473,996804,35472,12,1
Lecce,Crotone,OK,342012,16521,342012,16535,0,-14
Lecce,Cuneo,OK,1192648,43813,1192644,43813,4,0
Lecce,Enna,OK,661680,33361,661679,33375,1,-14
Lecce,Fermo,OK,560984,19961,560984,19962,0,-1
Lecce,Ferrara,OK,858099,31067,858087,31066,12,1
Lecce,Firenze,OK,850043,29927,850383,29934,-340,-7
Lecce,Foggia,OK,282346,11099,282346,11099,0,0
Lecce,Forlì,OK,760401,27680,760389,27680,12,0
Lecce,Frosinone,OK,522896,19375,522910,19382,-14,-7
Lecce,Genova,OK,1084457,38385,1084470,38391,-13,-6
Lecce,Gorizia,OK,1090773,38586,1090777,38923,-4,-337
Lecce,Grosseto,OK,779053,29337,779067,29345,-14,-8
Lecce,Iglesias,OK,1166689,37600,1199936,200780,-33247,-163180
Lecce,Imperia,OK,1201073,42966,1201087,42974,-14,-8
Lecce,Isernia,OK,455157,18433,455157,18433,0,0
Lecce,L'Aquila,OK,560514,20443,543313,20335,17201,108
Lecce,La Spezia,OK,998085,34851,998099,34858,-14,-7
Lecce,Lanusei,OK,1001234,29515,1085869,196064,-84635,-166549
Lecce,Latina,OK,569572,21995,569586,22005,-14,-10
Lecce,Lecco,OK,1080352,38249,1080340,38251,12,-2
Lecce,Livorno,OK,939435,33608,939448,33616,-13,-8
Lecce,Lodi,OK,1004228,35459,1004216,35458,12,1
Lecce,Macerata,OK,597398,21549,597400,21550,-2,-1
Lecce,Mantova,OK,926908,33256,926896,33256,12,0
Lecce,Massa,OK,970057,33778,970074,33786,-17,-8
Lecce,Matera,OK,172970,8159,172968,8180,2,-21
Lecce,Messina,OK,482171,25725,482173,25739,-2,-14
Lecce,Milano,OK,1028588,36253,1028574,36255,14,-2
Lecce,Modena,OK,860672,31679,860666,31679,6,0
Lecce,Monza,OK,1040776,36651,1040763,36653,13,-2
Lecce,Napoli,OK,411163,16264,411176,16272,-13,-8
Lecce,Novara,OK,1082142,38763,1082120,38765,22,-2
Lecce,Nuoro,OK,1073901,33190,1026105,192845,47796,-159655
Lecce,Olbia,OK,1141957,36227,924313,188575,217644,-152348
Lecce,Oristano,OK,1154988,36687,1105435,196246,49553,-159559
Lecce,Padova,OK,929031,33124,929017,33123,14,1
Lecce,Palermo,OK,706593,34829,706595,34845,-2,-16
Lecce,Parma,OK,913315,33359,913303,33358,12,1
Lecce,Pavia,OK,1017462,36605,1017470,36605,-8,0
Lecce,Perugia,OK,715972,26850,715971,26855,1,-5
Lecce,Pesaro,OK,677145,24390,677133,24390,12,0
Lecce,Piacenza,OK,967789,34386,967777,34383,12,3
Lecce,Pisa,OK,930555,33135,930568,33143,-13,-8
Lecce,Pistoia,OK,888896,31024,889363,31068,-467,-44
Lecce,Pordenone,OK,1037794,35987,1037785,36260,9,-273
Lecce,Potenza,OK,254049,11739,254049,11752,0,-13
Lecce,Prato,OK,872298,30642,872311,30650,-13,-8
Lecce,Ragusa,OK,683621,35203,683438,35217,183,-14
Lecce,Ravenna,OK,765877,27819,765865,27781,12,38
Lecce,Reggio di Calabria,OK,484363,21103,484365,21116,-2,-13
Lecce,Rieti,OK,620008,22549,620009,22544,-1,5
Lecce,Rimini,OK,707578,25427,707567,25427,11,0
Lecce,Roma,OK,599276,22312,599290,22320,-14,-8
Lecce,Rovigo,OK,890980,31742,890984,31742,-4,0
Lecce,Salerno,OK,389527,15858,389528,15858,-1,0
Lecce,Sanluri,OK,1118649,35235,1152584,197771,-33935,-162536
Lecce,Sassari,OK,1185094,38544,1023157,193940,161937,-155396
Lecce,Savona,OK,1125694,39986,1125715,39995,-21,-9
Lecce,Siena,OK,823817,29447,823830,29455,-13,-8
Lecce,Siracusa,OK,642686,32349,642689,32362,-3,-13
Lecce,Sondrio,OK,1159910,41923,1159964,42004,-54,-81
Lecce,Taranto,OK,106910,4746,106910,4759,0,-13
Lecce,Tempio Pausania,OK,1183061,38432,966474,190789,216587,-152357
Lecce,Teramo,OK,517801,18811,517798,18805,3,6
Lecce,Terni,OK,654475,24333,654475,24328,0,5
Lecce,Torino,OK,1147622,41232,1147610,41232,12,0
Lecce,Tortolì,OK,983188,28672,1083776,195991,-100588,-167319
Lecce,Trani,OK,198356,7607,198356,7608,0,-1
Lecce,Trapani,OK,809547,39016,809550,39032,-3,-16
Lecce,Trento,OK,1041219,36558,1041207,36557,12,1
Lecce,Treviso,OK,980211,34584,980202,34583,9,1
Lecce,Trieste,OK,1120100,38995,1120061,39363,39,-368
Lecce,Udine,OK,1080014,37877,1080327,38317,-313,-440
Lecce,Urbino,OK,703426,25465,703414,25465,12,0
Lecce,Varese,OK,1088817,38326,1088805,38328,12,-2
Lecce,Venezia,OK,965334,34052,964796,34005,538,47
Lecce,Verbania,OK,1133166,40347,1133158,40349,8,-2
Lecce,Vercelli,OK,1113198,39765,1113181,39767,17,-2
Lecce,Verona,OK,959237,34276,959231,34241,6,35
Lecce,Vibo Valentia,OK,395277,18206,395278,18220,-1,-14
Lecce,Vicenza,OK,961320,34076,961308,34077,12,-1
Lecce,Villacidro,OK,1146464,36610,1169498,199040,-23034,-162430
Lecce,Viterbo,OK,683776,25539,683789,25546,-13,-7
Lecco,Agrigento,OK,1555975,62109,1556496,62133,-521,-24
Lecco,Alessandria,OK,150988,6155,150688,6180,300,-25
Lecco,Ancona,OK,478015,18331,478019,18349,-4,-18
Lecco,Andria,OK,880162,30805,880138,30822,24,-17
Lecco,Aosta,OK,229456,9653,229424,9660,32,-7
Lecco,Arezzo,OK,428753,14528,428700,14529,53,-1
Lecco,Ascoli Piceno,OK,590520,21040,590495,21056,25,-16
Lecco,Asti,OK,187815,7478,187832,7482,-17,-4
Lecco,Avellino,OK,849906,27808,849863,27869,43,-61
Lecco,Bari,OK,930781,32858,930757,32875,24,-17
Lecco,Barletta,OK,879416,30879,879389,30896,27,-17
Lecco,Belluno,OK,350351,12372,350354,12798,-3,-426
Lecco,Benevento,OK,832550,27691,832495,27692,55,-1
Lecco,Bergamo,OK,34014,2152,34014,2152,0,0
Lecco,Biella,OK,146966,6533,146937,6538,29,-5
Lecco,Bologna,OK,264395,8862,264394,8865,1,-3
Lecco,Bolzano - Bozen,OK,287099,10819,287101,11198,-2,-379
Lecco,Brescia,OK,87983,4367,87983,4367,0,0
Lecco,Brindisi,OK,1044989,36839,1044964,36855,25,-16
Lecco,Cagliari,OK,1065833,32741,1139397,196689,-73564,-163948
Lecco,Caltanissetta,OK,1505506,58971,1506027,58995,-521,-24
Lecco,Campobasso,OK,794896,28592,794871,28609,25,-17
Lecco,Carbonia,OK,1132227,35511,1169693,198645,-37466,-163134
Lecco,Caserta,OK,798407,26013,798354,26014,53,-1
Lecco,Catania,OK,1396223,54620,1396748,54644,-525,-24
Lecco,Catanzaro,OK,1212135,42392,1212658,42416,-523,-24
Lecco,Chieti,OK,639495,22588,639209,22594,286,-6
Lecco,Como,OK,29779,1696,29779,1696,0,0
Lecco,Cosenza,OK,1119147,38677,1119669,38700,-522,-23
Lecco,Cremona,OK,131472,5865,131472,5929,0,-64
Lecco,Crotone,OK,1197639,43634,1198161,43658,-522,-24
Lecco,Cuneo,OK,279838,12058,279844,12062,-6,-4
Lecco,Enna,OK,1480143,58116,1480664,58140,-521,-24
Lecco,Fermo,OK,535807,19354,535782,19370,25,-16
Lecco,Ferrara,OK,305943,10137,305942,10140,1,-3
Lecco,Firenze,OK,357876,12603,357822,12604,54,-1
Lecco,Foggia,OK,810343,27932,810318,27948,25,-16
Lecco,Forlì,OK,334687,12123,334677,12125,10,-2
Lecco,Frosinone,OK,689215,22773,689161,22774,54,-1
Lecco,Genova,OK,204804,7896,204802,7897,2,-1
Lecco,Gorizia,OK,384789,14219,384805,14983,-16,-764
Lecco,Grosseto,OK,491136,18495,491582,18494,-446,1
Lecco,Iglesias,OK,1109535,34469,1142722,197643,-33187,-163174
Lecco,Imperia,OK,303271,12026,303270,12029,1,-3
Lecco,Isernia,OK,779871,26322,779816,26378,55,-56
Lecco,L'Aquila,OK,715790,23127,715734,23129,56,-2
Lecco,La Spezia,OK,273659,10203,273658,10206,1,-3
Lecco,Lanusei,OK,944080,26383,1028655,192926,-84575,-166543
Lecco,Latina,OK,691804,23655,691750,23637,54,18
Lecco,Lecce,OK,1080363,38240,1080337,38257,26,-17
Lecco,Livorno,OK,349504,13356,349503,13359,1,-3
Lecco,Lodi,OK,88525,4288,88523,4292,2,-4
Lecco,Macerata,OK,538430,19234,538408,19251,22,-17
Lecco,Mantova,OK,171849,6813,171849,7210,0,-397
Lecco,Massa,OK,290744,10950,290746,10953,-2,-3
Lecco,Matera,OK,955333,34944,955315,34970,18,-26
Lecco,Messina,OK,1300634,50480,1301159,50504,-525,-24
Lecco,Milano,OK,55455,2786,55453,2795,2,-9
Lecco,Modena,OK,228980,7782,228979,7786,1,-4
Lecco,Monza,OK,41198,1924,41198,1924,0,0
Lecco,Napoli,OK,824205,26745,824151,26745,54,0
Lecco,Novara,OK,98388,4774,98377,4781,11,-7
Lecco,Nuoro,OK,1016747,30059,968891,189708,47856,-159649
Lecco,Olbia,OK,1084803,33095,867099,185438,217704,-152343
Lecco,Oristano,OK,1097834,33556,1048221,193109,49613,-159553
Lecco,Padova,OK,227118,8646,227118,9073,0,-427
Lecco,Palermo,OK,1147684,57467,1525581,59611,-377897,-2144
Lecco,Parma,OK,177063,6309,177062,6312,1,-3
Lecco,Pavia,OK,98787,4381,98786,4384,1,-3
Lecco,Perugia,OK,505275,17093,505221,17094,54,-1
Lecco,Pesaro,OK,413575,14629,413573,14647,2,-18
Lecco,Piacenza,OK,120104,4689,120101,4692,3,-3
Lecco,Pisa,OK,332278,12747,332277,12750,1,-3
Lecco,Pistoia,OK,365988,12464,366387,12501,-399,-37
Lecco,Pordenone,OK,331810,11620,331813,12321,-3,-701
Lecco,Potenza,OK,917324,33484,917299,33500,25,-16
Lecco,Prato,OK,349390,12082,349336,12083,54,-1
Lecco,Ragusa,OK,1502084,59957,1502424,59982,-340,-25
Lecco,Ravenna,OK,341038,11914,341035,11917,3,-3
Lecco,Reggio di Calabria,OK,1302826,45857,1303351,45881,-525,-24
Lecco,Rieti,OK,615565,20812,615508,20812,57,0
Lecco,Rimini,OK,380964,13246,380962,13264,2,-18
Lecco,Roma,OK,626274,21083,626220,21084,54,-1
Lecco,Rovigo,OK,232120,9675,232152,10064,-32,-389
Lecco,Salerno,OK,866172,28425,866118,28425,54,0
Lecco,Sanluri,OK,1061495,32104,1095370,194634,-33875,-162530
Lecco,Sassari,OK,1127940,35412,965943,190803,161997,-155391
Lecco,Savona,OK,227892,9046,227899,9050,-7,-4
Lecco,Siena,OK,417626,14970,417571,14971,55,-1
Lecco,Siracusa,OK,1461149,57103,1461674,57127,-525,-24
Lecco,Sondrio,OK,81993,3887,82060,3966,-67,-79
Lecco,Taranto,OK,1014724,36472,1014740,36491,-16,-19
Lecco,Tempio Pausania,OK,1125907,35301,909260,187652,216647,-152351
Lecco,Teramo,OK,604793,21350,604765,21360,28,-10
Lecco,Terni,OK,579815,18797,579761,18798,54,-1
Lecco,Torino,OK,186242,8016,186240,8023,2,-7
Lecco,Tortolì,OK,926034,25541,1026562,192854,-100528,-167313
Lecco,Trani,OK,890407,31288,890383,31305,24,-17
Lecco,Trapani,OK,1247733,61412,1628535,63797,-380802,-2385
Lecco,Trento,OK,231052,8621,231054,9000,-2,-379
Lecco,Treviso,OK,274227,10217,274230,10644,-3,-427
Lecco,Trieste,OK,414116,14628,414089,15424,27,-796
Lecco,Udine,OK,374030,13511,374355,14378,-325,-867
Lecco,Urbino,OK,437130,16118,437129,16136,1,-18
Lecco,Varese,OK,55063,3372,55055,3377,8,-5
Lecco,Venezia,OK,259350,9685,258824,10066,526,-381
Lecco,Verbania,OK,137740,6030,137745,6029,-5,1
Lecco,Vercelli,OK,129443,5777,129438,5783,5,-6
Lecco,Verona,OK,148699,6191,148706,6625,-7,-434
Lecco,Vibo Valentia,OK,1213740,42961,1214263,42985,-523,-24
Lecco,Vicenza,OK,197451,7655,197688,8082,-237,-427
Lecco,Villacidro,OK,1089310,33479,1112284,195903,-22974,-162424
Lecco,Viterbo,OK,567629,18798,567582,18800,47,-2
Livorno,Agrigento,OK,1293131,54148,1293706,54171,-575,-23
Livorno,Alessandria,OK,262135,10979,262423,10992,-288,-13
Livorno,Ancona,OK,375555,15510,375555,15510,0,0
Livorno,Andria,OK,713289,25652,714059,25702,-770,-50
Livorno,Aosta,OK,427192,17350,427162,17351,30,-1
Livorno,Arezzo,OK,165909,6568,165910,6568,-1,0
Livorno,Ascoli Piceno,OK,387623,16342,387658,16343,-35,-1
Livorno,Asti,OK,303484,12354,303503,12355,-19,-1
Livorno,Avellino,OK,587061,19848,587073,19907,-12,-59
Livorno,Bari,OK,763908,27706,764679,27756,-771,-50
Livorno,Barletta,OK,712543,25726,713311,25776,-768,-50
Livorno,Belluno,OK,443174,14498,443100,14878,74,-380
Livorno,Benevento,OK,569706,19731,569706,19731,0,0
Livorno,Bergamo,OK,343086,12831,343086,12834,0,-3
Livorno,Biella,OK,367177,15167,367149,15166,28,1
Livorno,Bologna,OK,200106,7403,200031,7783,75,-380
Livorno,Bolzano - Bozen,OK,465204,15656,465128,16134,76,-478
Livorno,Brescia,OK,312199,11850,312199,12192,0,-342
Livorno,Brindisi,OK,878116,31686,878886,31736,-770,-50
Livorno,Cagliari,OK,689296,22925,762910,186870,-73614,-163945
Livorno,Caltanissetta,OK,1242662,51011,1243237,51034,-575,-23
Livorno,Campobasso,OK,566109,21058,566108,21114,1,-56
Livorno,Carbonia,OK,755690,25695,793205,188826,-37515,-163131
Livorno,Caserta,OK,535563,18053,535564,18053,-1,0
Livorno,Catania,OK,1133379,46660,1133958,46683,-579,-23
Livorno,Catanzaro,OK,949291,34432,949868,34455,-577,-23
Livorno,Chieti,OK,535851,17920,532475,17931,3376,-11
Livorno,Como,OK,350847,13079,350846,13082,1,-3
Livorno,Cosenza,OK,856303,30716,856879,30739,-576,-23
Livorno,Cremona,OK,266892,10531,266892,10531,0,0
Livorno,Crotone,OK,934795,35674,935371,35697,-576,-23
Livorno,Cuneo,OK,324188,13382,324195,13383,-7,-1
Livorno,Enna,OK,1217299,50155,1217874,50178,-575,-23
Livorno,Fermo,OK,396680,16220,396679,16225,1,-5
Livorno,Ferrara,OK,244937,8826,244861,9206,76,-380
Livorno,Firenze,OK,92191,4500,92191,4500,0,0
Livorno,Foggia,OK,716986,23574,717007,23576,-21,-2
Livorno,Forlì,OK,205684,10419,205712,10419,-28,0
Livorno,Frosinone,OK,426371,14813,426371,14812,0,1
Livorno,Genova,OK,184079,7784,184079,7782,0,2
Livorno,Gorizia,OK,477611,16345,477551,17062,60,-717
Livorno,Grosseto,OK,136045,6325,136048,6324,-3,1
Livorno,Iglesias,OK,732998,24653,766234,187824,-33236,-163171
Livorno,Imperia,OK,300695,12365,300695,12365,0,0
Livorno,Isernia,OK,517027,18361,517026,18417,1,-56
Livorno,L'Aquila,OK,452946,15167,452944,15167,2,0
Livorno,La Spezia,OK,97707,4250,97707,4250,0,0
Livorno,Lanusei,OK,567543,16567,652167,183107,-84624,-166540
Livorno,Latina,OK,428960,15694,428960,15676,0,18
Livorno,Lecce,OK,913489,33087,914259,33137,-770,-50
Livorno,Lecco,OK,350428,13306,350427,13309,1,-3
Livorno,Lodi,OK,274304,10517,274304,10516,0,1
Livorno,Macerata,OK,364057,14685,364058,14680,-1,5
Livorno,Mantova,OK,294847,10156,294770,10634,77,-478
Livorno,Massa,OK,69679,3177,69682,3178,-3,-1
Livorno,Matera,OK,760528,29428,761276,29491,-748,-63
Livorno,Messina,OK,1037790,42520,1038369,42543,-579,-23
Livorno,Milano,OK,298664,11311,298662,11313,2,-2
Livorno,Modena,OK,228611,8579,228540,9057,71,-478
Livorno,Monza,OK,310852,11709,310851,11711,1,-2
Livorno,Napoli,OK,561361,18784,561361,18784,0,0
Livorno,Novara,OK,331498,13634,331498,13634,0,0
Livorno,Nuoro,OK,640210,20243,592403,179889,47807,-159646
Livorno,Olbia,OK,708266,23279,490611,175619,217655,-152340
Livorno,Oristano,OK,721297,23740,671733,183290,49564,-159550
Livorno,Padova,OK,315869,10883,315791,11263,78,-380
Livorno,Palermo,OK,884840,49506,1262791,51649,-377951,-2143
Livorno,Parma,OK,196577,8380,196577,8380,0,0
Livorno,Pavia,OK,295123,11483,295123,11483,0,0
Livorno,Perugia,OK,242431,9133,242431,9133,0,0
Livorno,Pesaro,OK,352569,13318,352493,13712,76,-394
Livorno,Piacenza,OK,237865,9444,237865,9441,0,3
Livorno,Pisa,OK,24410,1553,24409,1553,1,0
Livorno,Pistoia,OK,87905,3390,88358,3426,-453,-36
Livorno,Pordenone,OK,424632,13746,424559,14400,73,-654
Livorno,Potenza,OK,715693,25579,715694,25579,-1,0
Livorno,Prato,OK,108659,4046,108659,4046,0,0
Livorno,Ragusa,OK,1239240,51997,1239634,52020,-394,-23
Livorno,Ravenna,OK,280032,10603,279955,10983,77,-380
Livorno,Reggio di Calabria,OK,1039982,37897,1040561,37920,-579,-23
Livorno,Rieti,OK,352721,12852,352718,12851,3,1
Livorno,Rimini,OK,319958,11935,319882,12329,76,-394
Livorno,Roma,OK,363430,13123,363430,13123,0,0
Livorno,Rovigo,OK,277818,9501,277758,9882,60,-381
Livorno,Salerno,OK,603328,20464,603328,20464,0,0
Livorno,Sanluri,OK,684958,22287,718882,184815,-33924,-162528
Livorno,Sassari,OK,751404,25596,589455,180984,161949,-155388
Livorno,Savona,OK,225316,9386,225324,9386,-8,0
Livorno,Siena,OK,123687,6274,123687,6274,0,0
Livorno,Siracusa,OK,1198305,49143,1198884,49166,-579,-23
Livorno,Sondrio,OK,429986,16981,430052,17062,-66,-81
Livorno,Taranto,OK,847851,31319,848662,31372,-811,-53
Livorno,Tempio Pausania,OK,749371,25484,532773,177833,216598,-152349
Livorno,Teramo,OK,510590,16767,510621,16769,-31,-2
Livorno,Terni,OK,316971,10837,316971,10837,0,0
Livorno,Torino,OK,350481,14355,350481,14355,0,0
Livorno,Tortolì,OK,549497,15725,650074,183035,-100577,-167310
Livorno,Trani,OK,723534,26135,724304,26185,-770,-50
Livorno,Trapani,OK,984889,53451,1365745,55836,-380856,-2385
Livorno,Trento,OK,409157,13457,409081,13935,76,-478
Livorno,Treviso,OK,367049,12343,366976,12723,73,-380
Livorno,Trieste,OK,506938,16754,506835,17503,103,-749
Livorno,Udine,OK,466852,15637,467101,16457,-249,-820
Livorno,Urbino,OK,269671,12423,269673,12423,-2,0
Livorno,Varese,OK,358893,13384,358893,13387,0,-3
Livorno,Venezia,OK,352172,11811,351570,12145,602,-334
Livorno,Verbania,OK,403242,15405,403246,15407,-4,-2
Livorno,Vercelli,OK,326379,13443,326375,13442,4,1
Livorno,Verona,OK,327175,11176,327106,11620,69,-444
Livorno,Vibo Valentia,OK,950896,35000,951473,35023,-577,-23
Livorno,Vicenza,OK,348158,11835,348082,12216,76,-381
Livorno,Villacidro,OK,712773,23663,735796,186084,-23023,-162421
Livorno,Viterbo,OK,304785,10838,304792,10839,-7,-1
Lodi,Agrigento,OK,1480232,59272,1480754,59293,-522,-21
Lodi,Alessandria,OK,118502,4501,118201,4526,301,-25
Lodi,Ancona,OK,402272,15494,402277,15509,-5,-15
Lodi,Andria,OK,804419,27968,804396,27982,23,-14
Lodi,Aosta,OK,223464,9281,223432,9285,32,-4
Lodi,Arezzo,OK,353010,11691,352959,11689,51,2
Lodi,Ascoli Piceno,OK,514777,18203,514754,18217,23,-14
Lodi,Asti,OK,155328,5824,155346,5827,-18,-3
Lodi,Avellino,OK,774163,24972,774121,25029,42,-57
Lodi,Bari,OK,855038,30022,855015,30035,23,-13
Lodi,Barletta,OK,803673,28042,803647,28056,26,-14
Lodi,Belluno,OK,381373,12286,339132,12894,42241,-608
Lodi,Benevento,OK,756807,24854,756754,24852,53,2
Lodi,Bergamo,OK,54052,3309,54054,3309,-2,0
Lodi,Biella,OK,140974,6161,140945,6162,29,-1
Lodi,Bologna,OK,188652,6025,188652,6025,0,0
Lodi,Bolzano - Bozen,OK,318121,10734,275879,11293,42242,-559
Lodi,Brescia,OK,69491,4234,69493,4235,-2,-1
Lodi,Brindisi,OK,969246,34002,969222,34015,24,-13
Lodi,Cagliari,OK,990090,29904,1063656,193850,-73566,-163946
Lodi,Caltanissetta,OK,1429763,56134,1430286,56155,-523,-21
Lodi,Campobasso,OK,719153,25756,719129,25769,24,-13
Lodi,Carbonia,OK,1056484,32674,1093952,195805,-37468,-163131
Lodi,Caserta,OK,722664,23176,722612,23174,52,2
Lodi,Catania,OK,1320480,51783,1321007,51804,-527,-21
Lodi,Catanzaro,OK,1136392,39556,1136917,39577,-525,-21
Lodi,Chieti,OK,563752,19752,563467,19754,285,-2
Lodi,Como,OK,91024,3661,91023,3663,1,-2
Lodi,Cosenza,OK,1043404,35840,1043928,35861,-524,-21
Lodi,Cremona,OK,49452,2861,49452,2863,0,-2
Lodi,Crotone,OK,1121896,40798,1122420,40818,-524,-20
Lodi,Cuneo,OK,247351,10404,247358,10408,-7,-4
Lodi,Enna,OK,1404400,55279,1404923,55300,-523,-21
Lodi,Fermo,OK,460064,16517,460041,16531,23,-14
Lodi,Ferrara,OK,230200,7301,230200,7301,0,0
Lodi,Firenze,OK,282133,9766,282080,9764,53,2
Lodi,Foggia,OK,734600,25095,734577,25109,23,-14
Lodi,Forlì,OK,258944,9286,258936,9285,8,1
Lodi,Frosinone,OK,613472,19937,613419,19934,53,3
Lodi,Genova,OK,172318,6242,172316,6243,2,-1
Lodi,Gorizia,OK,415811,14134,373583,15078,42228,-944
Lodi,Grosseto,OK,415393,15659,415841,15654,-448,5
Lodi,Iglesias,OK,1033792,31633,1066980,194803,-33188,-163170
Lodi,Imperia,OK,270785,10372,270784,10374,1,-2
Lodi,Isernia,OK,704128,23485,704074,23538,54,-53
Lodi,L'Aquila,OK,640047,20291,639993,20289,54,2
Lodi,La Spezia,OK,197916,7367,197916,7367,0,0
Lodi,Lanusei,OK,868337,23547,952913,190087,-84576,-166540
Lodi,Latina,OK,616061,20818,616008,20797,53,21
Lodi,Lecce,OK,1004620,35403,1004596,35417,24,-14
Lodi,Lecco,OK,90605,3888,90605,3891,0,-3
Lodi,Livorno,OK,273761,10519,273761,10519,0,0
Lodi,Macerata,OK,462687,16398,462667,16412,20,-14
Lodi,Mantova,OK,203945,6293,203945,6293,0,0
Lodi,Massa,OK,215001,8113,215004,8114,-3,-1
Lodi,Matera,OK,879590,32108,879573,32131,17,-23
Lodi,Messina,OK,1224891,47644,1225417,47664,-526,-20
Lodi,Milano,OK,38841,1892,38840,1895,1,-3
Lodi,Modena,OK,153237,4946,153237,4946,0,0
Lodi,Monza,OK,51029,2291,51029,2293,0,-2
Lodi,Napoli,OK,748462,23908,748410,23906,52,2
Lodi,Novara,OK,92395,4402,92385,4405,10,-3
Lodi,Nuoro,OK,941004,27222,893150,186869,47854,-159647
Lodi,Olbia,OK,1009060,30259,791357,182598,217703,-152339
Lodi,Oristano,OK,1022091,30720,972479,190269,49612,-159549
Lodi,Padova,OK,258140,8560,215896,9168,42244,-608
Lodi,Palermo,OK,1071941,54630,1449839,56771,-377898,-2141
Lodi,Parma,OK,101320,3473,101320,3473,0,0
Lodi,Pavia,OK,35488,2318,35429,2315,59,3
Lodi,Perugia,OK,429532,14257,429480,14254,52,3
Lodi,Pesaro,OK,337832,11793,337832,11807,0,-14
Lodi,Piacenza,OK,44361,1852,44360,1852,1,0
Lodi,Pisa,OK,256535,9911,256535,9911,0,0
Lodi,Pistoia,OK,290245,9627,290646,9662,-401,-35
Lodi,Pordenone,OK,362832,11534,320591,12416,42241,-882
Lodi,Potenza,OK,841581,30647,841558,30660,23,-13
Lodi,Prato,OK,273647,9245,273594,9243,53,2
Lodi,Ragusa,OK,1426341,57121,1426682,57142,-341,-21
Lodi,Ravenna,OK,265295,9078,265294,9077,1,1
Lodi,Reggio di Calabria,OK,1227083,43021,1227609,43042,-526,-21
Lodi,Rieti,OK,539822,17975,539766,17973,56,2
Lodi,Rimini,OK,305221,10410,305221,10424,0,-14
Lodi,Roma,OK,550531,18247,550478,18245,53,2
Lodi,Rovigo,OK,263081,7976,263097,7977,-16,-1
Lodi,Salerno,OK,790429,25588,790377,25586,52,2
Lodi,Sanluri,OK,985752,29267,1019628,191795,-33876,-162528
Lodi,Sassari,OK,1052197,32576,890201,187963,161996,-155387
Lodi,Savona,OK,195405,7392,195412,7395,-7,-3
Lodi,Siena,OK,341883,12134,341829,12131,54,3
Lodi,Siracusa,OK,1385406,54267,1385933,54288,-527,-21
Lodi,Sondrio,OK,170164,7562,170229,7644,-65,-82
Lodi,Taranto,OK,938981,33635,938998,33651,-17,-16
Lodi,Tempio Pausania,OK,1050164,32464,833519,184812,216645,-152348
Lodi,Teramo,OK,529050,18513,529023,18520,27,-7
Lodi,Terni,OK,504072,15960,504020,15958,52,2
Lodi,Torino,OK,180250,7644,180248,7647,2,-3
Lodi,Tortolì,OK,850291,22704,950820,190014,-100529,-167310
Lodi,Trani,OK,814664,28451,814641,28465,23,-14
Lodi,Trapani,OK,1171990,58575,1552793,60958,-380803,-2383
Lodi,Trento,OK,262074,8535,219832,9095,42242,-560
Lodi,Treviso,OK,305249,10132,263008,10739,42241,-607
Lodi,Trieste,OK,445138,14543,402867,15519,42271,-976
Lodi,Udine,OK,405052,13425,363133,14473,41919,-1048
Lodi,Urbino,OK,361387,13282,361387,13296,0,-14
Lodi,Varese,OK,99071,3966,99070,3968,1,-2
Lodi,Venezia,OK,290372,9600,247602,10161,42770,-561
Lodi,Verbania,OK,143419,5986,143424,5989,-5,-3
Lodi,Vercelli,OK,123451,5405,123446,5407,5,-2
Lodi,Verona,OK,179721,6105,137483,6721,42238,-616
Lodi,Vibo Valentia,OK,1137997,40124,1138521,40145,-524,-21
Lodi,Vicenza,OK,228473,7570,186466,8177,42007,-607
Lodi,Villacidro,OK,1013567,30643,1036542,193064,-22975,-162421
Lodi,Viterbo,OK,491886,15962,491840,15960,46,2
Macerata,Agrigento,OK,1092256,50161,1092831,50273,-575,-112
Macerata,Alessandria,OK,527682,19494,527371,19516,311,-22
Macerata,Ancona,OK,50255,3399,50318,3431,-63,-32
Macerata,Andria,OK,399114,14268,399114,14269,0,-1
Macerata,Aosta,OK,675935,25132,675892,25134,43,-2
Macerata,Arezzo,OK,197475,9308,197538,9333,-63,-25
Macerata,Ascoli Piceno,OK,109472,4503,109472,4503,0,0
Macerata,Asti,OK,563350,20722,563357,20722,-7,0
Macerata,Avellino,OK,426276,16131,426281,16190,-5,-59
Macerata,Bari,OK,449733,16322,449733,16322,0,0
Macerata,Barletta,OK,398368,14342,398366,14343,2,-1
Macerata,Belluno,OK,519060,18228,519051,18228,9,0
Macerata,Benevento,OK,382291,15749,382290,15749,1,0
Macerata,Bergamo,OK,518681,19205,535724,19265,-17043,-60
Macerata,Biella,OK,593445,22011,593405,22012,40,-1
Macerata,Bologna,OK,279420,11252,279408,11252,12,0
Macerata,Bolzano - Bozen,OK,559990,20246,559979,20245,11,1
Macerata,Brescia,OK,474413,17431,474401,17645,12,-214
Macerata,Brindisi,OK,563941,20302,563940,20302,1,0
Macerata,Cagliari,OK,698869,23674,772543,187640,-73674,-163966
Macerata,Caltanissetta,OK,1041787,47023,1042363,47136,-576,-113
Macerata,Campobasso,OK,313848,12056,313847,12056,1,0
Macerata,Carbonia,OK,765263,26444,802839,189596,-37576,-163152
Macerata,Caserta,OK,374778,14336,374772,14336,6,0
Macerata,Catania,OK,932505,42672,933084,42785,-579,-113
Macerata,Catanzaro,OK,748417,30445,748994,30557,-577,-112
Macerata,Chieti,OK,158447,6052,158185,6041,262,11
Macerata,Como,OK,543496,19511,543483,19513,13,-2
Macerata,Cosenza,OK,655428,26729,656004,26841,-576,-112
Macerata,Cremona,OK,459541,16963,459529,16962,12,1
Macerata,Crotone,OK,746630,30705,746630,30705,0,0
Macerata,Cuneo,OK,647359,25078,647429,25103,-70,-25
Macerata,Enna,OK,1016424,46168,1016999,46281,-575,-113
Macerata,Fermo,OK,44307,2652,44307,2652,0,0
Macerata,Ferrara,OK,320824,12556,320812,12556,12,0
Macerata,Firenze,OK,272836,11022,273226,11046,-390,-24
Macerata,Foggia,OK,329295,11395,329295,11395,0,0
Macerata,Forlì,OK,223125,9170,223114,9170,11,0
Macerata,Frosinone,OK,298824,11203,299037,11208,-213,-5
Macerata,Genova,OK,507250,19480,507313,19502,-63,-22
Macerata,Gorizia,OK,553498,20076,553502,20412,-4,-336
Macerata,Grosseto,OK,297271,13197,297835,13219,-564,-22
Macerata,Iglesias,OK,742571,25402,775868,188594,-33297,-163192
Macerata,Imperia,OK,623866,24061,623930,24085,-64,-24
Macerata,Isernia,OK,282911,11594,282915,11595,-4,-1
Macerata,L'Aquila,OK,181554,6597,181507,6596,47,1
Macerata,La Spezia,OK,420878,15946,420941,15970,-63,-24
Macerata,Lanusei,OK,577116,17316,661800,183877,-84684,-166561
Macerata,Latina,OK,347626,12796,347641,12760,-15,36
Macerata,Lecce,OK,599315,21703,599314,21704,1,-1
Macerata,Lecco,OK,543077,19738,543065,19740,12,-2
Macerata,Livorno,OK,362228,14703,362291,14727,-63,-24
Macerata,Lodi,OK,466953,16948,466941,16948,12,0
Macerata,Mantova,OK,389633,14746,389621,14745,12,1
Macerata,Massa,OK,392850,14873,392916,14898,-66,-25
Macerata,Matera,OK,474285,18408,474292,18417,-7,-9
Macerata,Messina,OK,836915,38533,837494,38645,-579,-112
Macerata,Milano,OK,491313,17743,491299,17745,14,-2
Macerata,Modena,OK,323397,13169,323391,13169,6,0
Macerata,Monza,OK,503501,18141,503488,18143,13,-2
Macerata,Napoli,OK,400576,15067,400570,15067,6,0
Macerata,Novara,OK,544867,20253,544845,20255,22,-2
Macerata,Nuoro,OK,649783,20992,602037,180659,47746,-159667
Macerata,Olbia,OK,717839,24028,500245,176389,217594,-152361
Macerata,Oristano,OK,730870,24489,681367,184060,49503,-159571
Macerata,Padova,OK,391756,14613,391742,14613,14,0
Macerata,Palermo,OK,724054,45790,1061916,47751,-337862,-1961
Macerata,Parma,OK,376040,14848,376028,14848,12,0
Macerata,Pavia,OK,480186,18094,480195,18095,-9,-1
Macerata,Perugia,OK,127680,6256,127743,6281,-63,-25
Macerata,Pesaro,OK,139870,5880,139858,5880,12,0
Macerata,Piacenza,OK,430514,15876,430502,15872,12,4
Macerata,Pisa,OK,353348,14230,353411,14254,-63,-24
Macerata,Pistoia,OK,311689,12119,312205,12180,-516,-61
Macerata,Pordenone,OK,500519,17476,500510,17750,9,-274
Macerata,Potenza,OK,436276,16947,436276,16947,0,0
Macerata,Prato,OK,295091,11737,295154,11761,-63,-24
Macerata,Ragusa,OK,1038365,48010,1038759,48123,-394,-113
Macerata,Ravenna,OK,228602,9309,228590,9270,12,39
Macerata,Reggio di Calabria,OK,839107,33910,839686,34022,-579,-112
Macerata,Rieti,OK,161927,8846,162038,8870,-111,-24
Macerata,Rimini,OK,170303,6917,170292,6916,11,1
Macerata,Roma,OK,292264,10310,292278,10294,-14,16
Macerata,Rovigo,OK,353705,13232,353709,13232,-4,0
Macerata,Salerno,OK,442542,16747,442537,16747,5,0
Macerata,Sanluri,OK,694531,23037,728515,185585,-33984,-162548
Macerata,Sassari,OK,760976,26345,599089,181754,161887,-155409
Macerata,Savona,OK,548487,21081,548558,21106,-71,-25
Macerata,Siena,OK,226982,9692,227045,9716,-63,-24
Macerata,Siracusa,OK,997430,45156,998009,45268,-579,-112
Macerata,Sondrio,OK,622635,23413,622689,23493,-54,-80
Macerata,Taranto,OK,533676,19935,533717,19938,-41,-3
Macerata,Tempio Pausania,OK,758944,26234,542406,178603,216538,-152369
Macerata,Teramo,OK,123745,4813,123741,4807,4,6
Macerata,Terni,OK,145949,7429,146013,7449,-64,-20
Macerata,Torino,OK,610347,22722,610335,22722,12,0
Macerata,Tortolì,OK,559070,16474,659708,183805,-100638,-167331
Macerata,Trani,OK,409359,14751,409359,14752,0,-1
Macerata,Trapani,OK,824104,49734,1164870,51938,-340766,-2204
Macerata,Trento,OK,503944,18047,503932,18047,12,0
Macerata,Treviso,OK,442936,16074,442927,16073,9,1
Macerata,Trieste,OK,582825,20485,582786,20853,39,-368
Macerata,Udine,OK,542739,19367,543052,19807,-313,-440
Macerata,Urbino,OK,166151,6955,166139,6954,12,1
Macerata,Varese,OK,551542,19816,551530,19818,12,-2
Macerata,Venezia,OK,428059,15542,427521,15495,538,47
Macerata,Verbania,OK,595891,21837,595883,21838,8,-1
Macerata,Vercelli,OK,575922,21255,575906,21257,16,-2
Macerata,Verona,OK,421961,15766,421956,15731,5,35
Macerata,Vibo Valentia,OK,750021,31013,750598,31126,-577,-113
Macerata,Vicenza,OK,424045,15565,424033,15566,12,-1
Macerata,Villacidro,OK,722346,24412,745430,186854,-23084,-162442
Macerata,Viterbo,OK,200665,9731,200728,9751,-63,-20
Mantova,Agrigento,OK,1401893,57031,1402415,57052,-522,-21
Mantova,Alessandria,OK,195544,8680,195246,8702,298,-22
Mantova,Ancona,OK,323932,13253,323938,13268,-6,-15
Mantova,Andria,OK,726080,25728,726057,25741,23,-13
Mantova,Aosta,OK,359075,13591,359044,13807,31,-216
Mantova,Arezzo,OK,274671,9451,274619,9449,52,2
Mantova,Ascoli Piceno,OK,436438,15963,436414,15976,24,-13
Mantova,Asti,OK,231212,9908,231232,9909,-20,-1
Mantova,Avellino,OK,695823,22731,695782,22788,41,-57
Mantova,Bari,OK,776699,27781,776676,27794,23,-13
Mantova,Barletta,OK,725334,25802,725308,25815,26,-13
Mantova,Belluno,OK,245096,7838,245099,7795,-3,43
Mantova,Benevento,OK,678467,22614,678415,22611,52,3
Mantova,Bergamo,OK,140163,5095,140163,5311,0,-216
Mantova,Biella,OK,276585,10470,276557,10684,28,-214
Mantova,Bologna,OK,110312,3784,110313,3784,-1,0
Mantova,Bolzano - Bozen,OK,181473,6137,181473,6137,0,0
Mantova,Brescia,OK,95895,3321,95895,3537,0,-216
Mantova,Brindisi,OK,890907,31761,890883,31775,24,-14
Mantova,Cagliari,OK,911750,27664,985317,191609,-73567,-163945
Mantova,Caltanissetta,OK,1351424,53894,1351947,53915,-523,-21
Mantova,Campobasso,OK,640813,23515,640790,23528,23,-13
Mantova,Carbonia,OK,978145,30434,1015612,193564,-37467,-163130
Mantova,Caserta,OK,644325,20936,644273,20934,52,2
Mantova,Catania,OK,1242141,49543,1242667,49563,-526,-20
Mantova,Catanzaro,OK,1058053,37315,1058578,37336,-525,-21
Mantova,Chieti,OK,485413,17511,485128,17513,285,-2
Mantova,Como,OK,224012,7872,224012,8087,0,-215
Mantova,Cosenza,OK,965065,33599,965588,33620,-523,-21
Mantova,Cremona,OK,67640,3885,67642,3885,-2,0
Mantova,Crotone,OK,1043557,38557,1044080,38578,-523,-21
Mantova,Cuneo,OK,323235,14488,323244,14489,-9,-1
Mantova,Enna,OK,1326060,53038,1326583,53059,-523,-21
Mantova,Fermo,OK,381725,14276,381702,14290,23,-14
Mantova,Ferrara,OK,151861,5060,151861,5060,0,0
Mantova,Firenze,OK,203794,7525,203741,7523,53,2
Mantova,Foggia,OK,656261,22854,656237,22868,24,-14
Mantova,Forlì,OK,180605,7045,180597,7045,8,0
Mantova,Frosinone,OK,535133,17696,535080,17693,53,3
Mantova,Genova,OK,249360,10421,249361,10419,-1,2
Mantova,Gorizia,OK,279534,9685,279550,9980,-16,-295
Mantova,Grosseto,OK,337054,13418,337501,13413,-447,5
Mantova,Iglesias,OK,955452,29392,988641,192562,-33189,-163170
Mantova,Imperia,OK,347827,14551,347829,14551,-2,0
Mantova,Isernia,OK,625788,21244,625735,21297,53,-53
Mantova,L'Aquila,OK,561708,18050,561654,18048,54,2
Mantova,La Spezia,OK,225941,8064,225941,8065,0,-1
Mantova,Lanusei,OK,789998,21306,874574,187846,-84576,-166540
Mantova,Latina,OK,537721,18577,537669,18557,52,20
Mantova,Lecce,OK,926280,33163,926256,33176,24,-13
Mantova,Lecco,OK,172849,6933,172849,7148,0,-215
Mantova,Livorno,OK,276968,10430,276915,10428,53,2
Mantova,Lodi,OK,201705,6199,201704,6199,1,0
Mantova,Macerata,OK,384348,14157,384327,14171,21,-14
Mantova,Massa,OK,243026,8811,243030,8812,-4,-1
Mantova,Matera,OK,801251,29867,801234,29890,17,-23
Mantova,Messina,OK,1146552,45403,1147078,45424,-526,-21
Mantova,Milano,OK,183623,6742,183622,6958,1,-216
Mantova,Modena,OK,74898,2705,74898,2705,0,0
Mantova,Monza,OK,175705,6221,175705,6436,0,-215
Mantova,Napoli,OK,670123,21667,670070,21665,53,2
Mantova,Novara,OK,228006,8712,227998,8927,8,-215
Mantova,Nuoro,OK,862665,24982,814810,184628,47855,-159646
Mantova,Olbia,OK,930721,28018,713018,180357,217703,-152339
Mantova,Oristano,OK,943752,28479,894140,188028,49612,-159549
Mantova,Padova,OK,121863,4112,121863,4070,0,42
Mantova,Palermo,OK,993601,52389,1371500,54530,-377899,-2141
Mantova,Parma,OK,63123,3777,63125,3777,-2,0
Mantova,Pavia,OK,214938,7345,214958,7346,-20,-1
Mantova,Perugia,OK,351193,12016,351140,12014,53,2
Mantova,Pesaro,OK,259492,9552,259492,9566,0,-14
Mantova,Piacenza,OK,165266,5126,165266,5123,0,3
Mantova,Pisa,OK,268651,9551,268598,9540,53,11
Mantova,Pistoia,OK,211906,7387,212306,7421,-400,-34
Mantova,Pordenone,OK,226555,7086,226557,7318,-2,-232
Mantova,Potenza,OK,763242,28406,763219,28420,23,-14
Mantova,Prato,OK,195308,7005,195255,7002,53,3
Mantova,Ragusa,OK,1348002,54880,1348343,54901,-341,-21
Mantova,Ravenna,OK,186956,6837,186955,6837,1,0
Mantova,Reggio di Calabria,OK,1148743,40780,1149270,40801,-527,-21
Mantova,Rieti,OK,461483,15735,461427,15732,56,3
Mantova,Rimini,OK,226882,8169,226881,8183,1,-14
Mantova,Roma,OK,472192,16006,472139,16004,53,2
Mantova,Rovigo,OK,90898,4596,90898,4596,0,0
Mantova,Salerno,OK,712089,23347,712037,23345,52,2
Mantova,Sanluri,OK,907412,27026,941289,189554,-33877,-162528
Mantova,Sassari,OK,973858,30335,811862,185722,161996,-155387
Mantova,Savona,OK,272447,11571,272457,11572,-10,-1
Mantova,Siena,OK,263544,9893,263490,9891,54,2
Mantova,Siracusa,OK,1307067,52026,1307593,52047,-526,-21
Mantova,Sondrio,OK,232783,10511,232863,10794,-80,-283
Mantova,Taranto,OK,860642,31394,860659,31411,-17,-17
Mantova,Tempio Pausania,OK,971825,30223,755180,182571,216645,-152348
Mantova,Teramo,OK,450710,16272,450684,16279,26,-7
Mantova,Terni,OK,425732,13720,425681,13717,51,3
Mantova,Torino,OK,278209,11908,278211,11908,-2,0
Mantova,Tortolì,OK,771952,20464,872481,187773,-100529,-167309
Mantova,Trani,OK,736325,26211,736302,26224,23,-13
Mantova,Trapani,OK,1093651,56334,1474454,58717,-380803,-2383
Mantova,Trento,OK,125426,3938,125426,3938,0,0
Mantova,Treviso,OK,168972,5683,168975,5641,-3,42
Mantova,Trieste,OK,308860,10094,308834,10420,26,-326
Mantova,Udine,OK,268774,8977,269100,9375,-326,-398
Mantova,Urbino,OK,283048,11041,283048,11055,0,-14
Mantova,Varese,OK,232058,8177,232058,8392,0,-215
Mantova,Venezia,OK,154095,5151,153569,5063,526,88
Mantova,Verbania,OK,276407,10197,276412,10412,-5,-215
Mantova,Vercelli,OK,259062,9714,259058,9929,4,-215
Mantova,Verona,OK,43444,1657,43450,1622,-6,35
Mantova,Vibo Valentia,OK,1059658,37883,1060182,37904,-524,-21
Mantova,Vicenza,OK,92196,3121,92433,3079,-237,42
Mantova,Villacidro,OK,935228,28402,958203,190823,-22975,-162421
Mantova,Viterbo,OK,413546,13721,413501,13719,45,2
Massa,Agrigento,OK,1319261,54205,1319836,54228,-575,-23
Massa,Alessandria,OK,201029,8505,201322,8519,-293,-14
Massa,Ancona,OK,401684,15567,401684,15567,0,0
Massa,Andria,OK,739419,25709,740189,25759,-770,-50
Massa,Aosta,OK,366085,14876,366060,14878,25,-2
Massa,Arezzo,OK,192039,6624,192040,6625,-1,-1
Massa,Ascoli Piceno,OK,413753,16399,413788,16400,-35,-1
Massa,Asti,OK,242378,9880,242402,9882,-24,-2
Massa,Avellino,OK,613191,19905,613202,19964,-11,-59
Massa,Bari,OK,790038,27763,790808,27813,-770,-50
Massa,Barletta,OK,738673,25783,739441,25833,-768,-50
Massa,Belluno,OK,440394,14352,440320,14732,74,-380
Massa,Benevento,OK,595835,19787,595835,19788,0,-1
Massa,Bergamo,OK,281979,10357,281985,10361,-6,-4
Massa,Biella,OK,306070,12693,306048,12693,22,0
Massa,Bologna,OK,197327,7257,197252,7637,75,-380
Massa,Bolzano - Bozen,OK,412770,14286,412775,14288,-5,-2
Massa,Brescia,OK,251092,9376,251097,9719,-5,-343
Massa,Brindisi,OK,904245,31743,905015,31793,-770,-50
Massa,Cagliari,OK,829118,24837,902737,188785,-73619,-163948
Massa,Caltanissetta,OK,1268792,51067,1269367,51091,-575,-24
Massa,Campobasso,OK,592239,21115,592238,21171,1,-56
Massa,Carbonia,OK,895513,27607,933033,190740,-37520,-163133
Massa,Caserta,OK,561693,18109,561693,18110,0,-1
Massa,Catania,OK,1159509,46716,1160088,46740,-579,-24
Massa,Catanzaro,OK,975421,34489,975998,34512,-577,-23
Massa,Chieti,OK,561981,17977,558604,17988,3377,-11
Massa,Como,OK,289740,10605,289744,10609,-4,-4
Massa,Cosenza,OK,882433,30773,883009,30796,-576,-23
Massa,Cremona,OK,205785,8057,205790,8058,-5,-1
Massa,Crotone,OK,960925,35731,961501,35754,-576,-23
Massa,Cuneo,OK,263081,10908,263094,10910,-13,-2
Massa,Enna,OK,1243428,50212,1244004,50235,-576,-23
Massa,Fermo,OK,422810,16277,422809,16282,1,-5
Massa,Ferrara,OK,242158,8680,242082,9060,76,-380
Massa,Firenze,OK,121161,4699,121161,4699,0,0
Massa,Foggia,OK,743116,23631,743137,23633,-21,-2
Massa,Forlì,OK,227209,10299,227199,10390,10,-91
Massa,Frosinone,OK,452501,14870,452501,14869,0,1
Massa,Genova,OK,122972,5310,122977,5309,-5,1
Massa,Gorizia,OK,474831,16199,474771,16917,60,-718
Massa,Grosseto,OK,197574,8677,197574,8676,0,1
Massa,Iglesias,OK,872820,26566,906062,189739,-33242,-163173
Massa,Imperia,OK,239588,9891,239594,9892,-6,-1
Massa,Isernia,OK,543156,18418,543155,18474,1,-56
Massa,L'Aquila,OK,479076,15224,479074,15224,2,0
Massa,La Spezia,OK,36600,1776,36606,1777,-6,-1
Massa,Lanusei,OK,707366,18480,791994,185022,-84628,-166542
Massa,Latina,OK,455089,15751,455089,15733,0,18
Massa,Lecce,OK,939619,33144,940389,33194,-770,-50
Massa,Lecco,OK,289322,10832,289326,10836,-4,-4
Massa,Livorno,OK,65513,3117,65513,3117,0,0
Massa,Lodi,OK,213198,8043,213202,8043,-4,0
Massa,Macerata,OK,390186,14742,390188,14737,-2,5
Massa,Mantova,OK,242412,8787,242417,8788,-5,-1
Massa,Matera,OK,786657,29484,787406,29548,-749,-64
Massa,Messina,OK,1063920,42577,1064499,42600,-579,-23
Massa,Milano,OK,237557,8837,237561,8840,-4,-3
Massa,Modena,OK,191705,7440,191710,7441,-5,-1
Massa,Monza,OK,249745,9235,249750,9238,-5,-3
Massa,Napoli,OK,587491,18841,587491,18841,0,0
Massa,Novara,OK,270392,11160,270397,11161,-5,-1
Massa,Nuoro,OK,780033,22155,732231,181804,47802,-159649
Massa,Olbia,OK,848089,25192,630439,177534,217650,-152342
Massa,Oristano,OK,861120,25653,811561,185205,49559,-159552
Massa,Padova,OK,313090,10737,313012,11117,78,-380
Massa,Palermo,OK,910969,49563,1288921,51706,-377952,-2143
Massa,Parma,OK,135470,5906,135475,5907,-5,-1
Massa,Pavia,OK,234016,9009,234022,9010,-6,-1
Massa,Perugia,OK,268561,9190,268561,9190,0,0
Massa,Pesaro,OK,349789,13172,349713,13567,76,-395
Massa,Piacenza,OK,176758,6970,176764,6968,-6,2
Massa,Pisa,OK,48287,2509,48287,2509,0,0
Massa,Pistoia,OK,85125,3244,85578,3280,-453,-36
Massa,Pordenone,OK,421853,13600,421779,14254,74,-654
Massa,Potenza,OK,741823,25636,741824,25636,-1,0
Massa,Prato,OK,105880,3900,105880,3900,0,0
Massa,Ragusa,OK,1265370,52054,1265764,52077,-394,-23
Massa,Ravenna,OK,277253,10457,277175,10837,78,-380
Massa,Reggio di Calabria,OK,1066111,37954,1066690,37977,-579,-23
Massa,Rieti,OK,378851,12908,378848,12908,3,0
Massa,Rimini,OK,317178,11789,317102,12184,76,-395
Massa,Roma,OK,389560,13180,389560,13180,0,0
Massa,Rovigo,OK,275038,9355,274978,9736,60,-381
Massa,Salerno,OK,629457,20521,629458,20521,-1,0
Massa,Sanluri,OK,824780,24200,858710,186730,-33930,-162530
Massa,Sassari,OK,891226,27509,729283,182899,161943,-155390
Massa,Savona,OK,164209,6912,164222,6913,-13,-1
Massa,Siena,OK,180912,7067,180911,7067,1,0
Massa,Siracusa,OK,1224435,49200,1225014,49223,-579,-23
Massa,Sondrio,OK,368880,14507,368951,14589,-71,-82
Massa,Taranto,OK,873980,31376,874792,31429,-812,-53
Massa,Tempio Pausania,OK,889193,27397,672600,179747,216593,-152350
Massa,Teramo,OK,536720,16824,536751,16826,-31,-2
Massa,Terni,OK,343100,10893,343101,10894,-1,-1
Massa,Torino,OK,289375,11881,289380,11882,-5,-1
Massa,Tortolì,OK,689320,17637,789902,184950,-100582,-167313
Massa,Trani,OK,749664,26192,750434,26242,-770,-50
Massa,Trapani,OK,1011019,53508,1391875,55893,-380856,-2385
Massa,Trento,OK,356723,12088,356728,12089,-5,-1
Massa,Treviso,OK,364270,12197,364196,12577,74,-380
Massa,Trieste,OK,504158,16608,504055,17357,103,-749
Massa,Udine,OK,464072,15491,464321,16312,-249,-821
Massa,Urbino,OK,295801,12480,295802,12480,-1,0
Massa,Varese,OK,297787,10910,297791,10914,-4,-4
Massa,Venezia,OK,349393,11665,348791,12000,602,-335
Massa,Verbania,OK,342135,12931,342145,12934,-10,-3
Massa,Vercelli,OK,265272,10969,265274,10969,-2,0
Massa,Verona,OK,274741,9807,274753,9773,-12,34
Massa,Vibo Valentia,OK,977026,35057,977603,35080,-577,-23
Massa,Vicenza,OK,323494,11271,323736,11229,-242,42
Massa,Villacidro,OK,852596,25576,875624,187999,-23028,-162423
Massa,Viterbo,OK,330914,10895,330922,10896,-8,-1
Matera,Agrigento,OK,636611,33614,636604,33629,7,-15
Matera,Alessandria,OK,955342,34976,955037,35008,305,-32
Matera,Ancona,OK,504291,18925,504298,18935,-7,-10
Matera,Andria,OK,87489,4634,87496,4644,-7,-10
Matera,Aosta,OK,1103595,40614,1103558,40627,37,-13
Matera,Arezzo,OK,684603,25257,684624,25275,-21,-18
Matera,Ascoli Piceno,OK,439594,16715,439601,16725,-7,-10
Matera,Asti,OK,991009,36204,991023,36215,-14,-11
Matera,Avellino,OK,249623,11667,249630,11677,-7,-10
Matera,Bari,OK,64967,3569,64974,3579,-7,-10
Matera,Barletta,OK,97905,5004,97912,5014,-7,-10
Matera,Belluno,OK,946720,33711,946718,33720,2,-9
Matera,Benevento,OK,241277,11067,241284,11077,-7,-10
Matera,Bergamo,OK,946341,34687,963390,34757,-17049,-70
Matera,Biella,OK,1021105,37494,1021071,37504,34,-10
Matera,Bologna,OK,707080,26735,707075,26744,5,-9
Matera,Bolzano - Bozen,OK,987650,35728,987645,35738,5,-10
Matera,Brescia,OK,902072,32913,902067,33138,5,-225
Matera,Brindisi,OK,134146,6798,134190,6821,-44,-23
Matera,Cagliari,OK,1013371,32844,1087003,196808,-73632,-163964
Matera,Caltanissetta,OK,586142,30477,586136,30491,6,-14
Matera,Campobasso,OK,236316,12527,236317,12557,-1,-30
Matera,Carbonia,OK,1079766,35614,1117299,198764,-37533,-163150
Matera,Caserta,OK,303709,13346,303729,13363,-20,-17
Matera,Catania,OK,476859,26126,476856,26140,3,-14
Matera,Catanzaro,OK,292771,13898,292766,13912,5,-14
Matera,Chieti,OK,349539,13979,357999,14078,-8460,-99
Matera,Como,OK,971156,34994,971149,35005,7,-11
Matera,Cosenza,OK,199783,10182,199777,10196,6,-14
Matera,Cremona,OK,887200,32445,887195,32454,5,-9
Matera,Crotone,OK,241111,12782,241106,12796,5,-14
Matera,Cuneo,OK,1083032,40785,1083035,40795,-3,-10
Matera,Enna,OK,560778,29621,560772,29636,6,-15
Matera,Fermo,OK,451369,16934,451376,16944,-7,-10
Matera,Ferrara,OK,748484,28039,748479,28048,5,-9
Matera,Firenze,OK,740428,26899,740774,26916,-346,-17
Matera,Foggia,OK,147039,7791,147038,7820,1,-29
Matera,Forlì,OK,650785,24653,650780,24662,5,-9
Matera,Frosinone,OK,413281,16347,413301,16364,-20,-17
Matera,Genova,OK,974841,35357,974862,35373,-21,-16
Matera,Gorizia,OK,981158,35558,981168,35905,-10,-347
Matera,Grosseto,OK,669438,26309,669458,26327,-20,-18
Matera,Iglesias,OK,1057073,34573,1090328,197762,-33255,-163189
Matera,Imperia,OK,1091458,39938,1091478,39956,-20,-18
Matera,Isernia,OK,345541,15405,345548,15415,-7,-10
Matera,L'Aquila,OK,450899,17415,433704,17317,17195,98
Matera,La Spezia,OK,888470,31823,888490,31840,-20,-17
Matera,Lanusei,OK,891619,26487,976260,193046,-84641,-166559
Matera,Latina,OK,459957,18967,459977,18987,-20,-20
Matera,Lecce,OK,170299,8234,170342,8256,-43,-22
Matera,Lecco,OK,970737,35221,970731,35233,6,-12
Matera,Livorno,OK,829819,30580,829839,30598,-20,-18
Matera,Lodi,OK,894613,32431,894607,32440,6,-9
Matera,Macerata,OK,487782,18522,487792,18532,-10,-10
Matera,Mantova,OK,817292,30228,817287,30238,5,-10
Matera,Massa,OK,860441,30750,860465,30768,-24,-18
Matera,Messina,OK,381270,21986,381267,22000,3,-14
Matera,Milano,OK,918972,33225,918966,33237,6,-12
Matera,Modena,OK,751057,28651,751057,28661,0,-10
Matera,Monza,OK,931160,33623,931155,33635,5,-12
Matera,Napoli,OK,278816,12877,270296,12904,8520,-27
Matera,Novara,OK,972526,35735,972512,35747,14,-12
Matera,Nuoro,OK,964285,30162,916497,189827,47788,-159665
Matera,Olbia,OK,1032341,33199,814704,185557,217637,-152358
Matera,Oristano,OK,1045373,33660,995826,193228,49547,-159568
Matera,Padova,OK,819416,30096,819409,30105,7,-9
Matera,Palermo,OK,605691,31090,605689,31107,2,-17
Matera,Parma,OK,803700,30331,803695,30340,5,-9
Matera,Pavia,OK,907846,33577,907861,33587,-15,-10
Matera,Perugia,OK,606357,23822,606363,23837,-6,-15
Matera,Pesaro,OK,567529,21363,567524,21372,5,-9
Matera,Piacenza,OK,858174,31359,858169,31365,5,-6
Matera,Pisa,OK,820940,30107,820960,30125,-20,-18
Matera,Pistoia,OK,779281,27996,779754,28050,-473,-54
Matera,Pordenone,OK,928179,32959,928176,33242,3,-283
Matera,Potenza,OK,98804,5029,98799,5043,5,-14
Matera,Prato,OK,762683,27614,762703,27632,-20,-18
Matera,Ragusa,OK,582719,31463,582532,31478,187,-15
Matera,Ravenna,OK,656261,24791,656256,24763,5,28
Matera,Reggio di Calabria,OK,383461,17363,383459,17377,2,-14
Matera,Rieti,OK,510393,19521,510400,19526,-7,-5
Matera,Rimini,OK,597963,22399,597958,22409,5,-10
Matera,Roma,OK,489661,19284,489681,19302,-20,-18
Matera,Rovigo,OK,781364,28714,781375,28724,-11,-10
Matera,Salerno,OK,224863,10644,216344,10670,8519,-26
Matera,Sanluri,OK,1009033,32207,1042975,194753,-33942,-162546
Matera,Sassari,OK,1075479,35516,913549,190922,161930,-155406
Matera,Savona,OK,1016079,36959,1016107,36977,-28,-18
Matera,Siena,OK,714202,26419,714222,26437,-20,-18
Matera,Siracusa,OK,541785,28609,541782,28623,3,-14
Matera,Sondrio,OK,1050295,38895,1050356,38986,-61,-91
Matera,Taranto,OK,71061,4210,71105,4219,-44,-9
Matera,Tempio Pausania,OK,1073446,35404,856866,187771,216580,-152367
Matera,Teramo,OK,408186,15783,408189,15787,-3,-4
Matera,Terni,OK,544859,21306,544867,21310,-8,-4
Matera,Torino,OK,1038007,38205,1038002,38214,5,-9
Matera,Tortolì,OK,873573,25644,974167,192973,-100594,-167329
Matera,Trani,OK,89442,4756,89448,4766,-6,-10
Matera,Trapani,OK,708645,35276,708643,35293,2,-17
Matera,Trento,OK,931603,33530,931598,33539,5,-9
Matera,Treviso,OK,870596,31556,870594,31565,2,-9
Matera,Trieste,OK,1010484,35967,1010452,36345,32,-378
Matera,Udine,OK,970398,34850,970718,35299,-320,-449
Matera,Urbino,OK,593810,22437,593805,22447,5,-10
Matera,Varese,OK,979202,35299,979196,35310,6,-11
Matera,Venezia,OK,855719,31024,855188,30987,531,37
Matera,Verbania,OK,1023551,37319,1023550,37331,1,-12
Matera,Vercelli,OK,1003582,36738,1003572,36749,10,-11
Matera,Verona,OK,849621,31248,849623,31223,-2,25
Matera,Vibo Valentia,OK,294376,14466,294371,14481,5,-15
Matera,Vicenza,OK,851704,31048,851699,31059,5,-11
Matera,Villacidro,OK,1036849,33583,1059889,196022,-23040,-162439
Matera,Viterbo,OK,574161,22511,574181,22528,-20,-17
Messina,Agrigento,OK,256151,11762,256147,11762,4,0
Messina,Alessandria,OK,1286904,50325,1286597,50828,307,-503
Messina,Ancona,OK,853066,39172,853137,39175,-71,-3
Messina,Andria,OK,493279,26295,493213,26292,66,3
Messina,Aosta,OK,1435157,55963,1435119,56447,38,-484
Messina,Arezzo,OK,893976,37529,894047,37532,-71,-3
Messina,Ascoli Piceno,OK,800657,36201,800727,36200,-70,1
Messina,Asti,OK,1322571,51553,1322583,52035,-12,-482
Messina,Avellino,OK,473835,23966,473904,23969,-69,-3
Messina,Bari,OK,448439,24465,448373,24461,66,4
Messina,Barletta,OK,498765,26426,498698,26423,67,3
Messina,Belluno,OK,1297181,49919,1297177,50302,4,-383
Messina,Benevento,OK,509626,25390,509695,25393,-69,-3
Messina,Bergamo,OK,1277903,50036,1294950,50578,-17047,-542
Messina,Biella,OK,1352667,52842,1352631,53324,36,-482
Messina,Bologna,OK,1054114,42824,1054108,43207,6,-383
Messina,Bolzano - Bozen,OK,1319212,51077,1319205,51558,7,-481
Messina,Brescia,OK,1233634,48262,1233628,48958,6,-696
Messina,Brindisi,OK,448394,24517,448393,24531,1,-14
Messina,Cagliari,OK,1222744,45116,1296425,209066,-73681,-163950
Messina,Caltanissetta,OK,205681,8624,205678,8625,3,-1
Messina,Campobasso,OK,573296,28929,573365,28932,-69,-3
Messina,Carbonia,OK,1289139,47886,1326721,211021,-37582,-163135
Messina,Caserta,OK,513082,25618,513151,25621,-69,-3
Messina,Catania,OK,96399,4273,96399,4273,0,0
Messina,Catanzaro,OK,160172,11496,160171,11496,1,0
Messina,Chieti,OK,698314,34226,706838,34318,-8524,-92
Messina,Como,OK,1302718,50342,1302710,50826,8,-484
Messina,Cosenza,OK,188422,12626,188421,12626,1,0
Messina,Cremona,OK,1218762,47794,1218755,48275,7,-481
Messina,Crotone,OK,226988,15209,226987,15209,1,0
Messina,Cuneo,OK,1324324,53227,1324400,53231,-76,-4
Messina,Enna,OK,180318,7769,180315,7769,3,0
Messina,Fermo,OK,800144,37181,800215,37184,-71,-3
Messina,Ferrara,OK,1098945,44247,1098938,44630,7,-383
Messina,Firenze,OK,949801,39171,950196,39173,-395,-2
Messina,Foggia,OK,509201,27327,509272,27330,-71,-3
Messina,Forlì,OK,1026958,43820,1027027,43822,-69,-2
Messina,Frosinone,OK,622654,28619,622723,28622,-69,-3
Messina,Genova,OK,1184215,47629,1184284,47630,-69,-1
Messina,Gorizia,OK,1331619,51766,1331628,52486,-9,-720
Messina,Grosseto,OK,878811,38581,878880,38584,-69,-3
Messina,Iglesias,OK,1266446,46844,1299750,210019,-33304,-163175
Messina,Imperia,OK,1300831,52210,1300901,52213,-70,-3
Messina,Isernia,OK,585767,28551,585836,28654,-69,-103
Messina,L'Aquila,OK,708879,32621,708917,32618,-38,3
Messina,La Spezia,OK,1097843,44095,1097912,44098,-69,-3
Messina,Lanusei,OK,1100992,38759,1185682,205303,-84690,-166544
Messina,Latina,OK,669330,31239,669399,31245,-69,-6
Messina,Lecce,OK,484547,25953,484546,25967,1,-14
Messina,Lecco,OK,1302299,50569,1302291,51053,8,-484
Messina,Livorno,OK,1039192,42852,1039261,42855,-69,-3
Messina,Lodi,OK,1226175,47779,1226167,48260,8,-481
Messina,Macerata,OK,836558,38769,836631,38772,-73,-3
Messina,Mantova,OK,1148854,45577,1148848,46058,6,-481
Messina,Massa,OK,1069814,43022,1069887,43025,-73,-3
Messina,Matera,OK,382979,22206,382956,22220,23,-14
Messina,Milano,OK,1250534,48574,1250526,49057,8,-483
Messina,Modena,OK,1082619,44000,1082617,44481,2,-481
Messina,Monza,OK,1262722,48972,1262715,49455,7,-483
Messina,Napoli,OK,497375,24944,497444,24947,-69,-3
Messina,Novara,OK,1304088,51084,1304072,51567,16,-483
Messina,Nuoro,OK,1173658,42434,1125919,202085,47739,-159651
Messina,Olbia,OK,1241715,45471,1024126,197814,217589,-152343
Messina,Oristano,OK,1254746,45931,1205248,205485,49498,-159554
Messina,Padova,OK,1169877,46304,1169868,46687,9,-383
Messina,Palermo,OK,225231,9237,225231,9240,0,-3
Messina,Parma,OK,1135262,45679,1135255,46160,7,-481
Messina,Pavia,OK,1239408,48925,1239421,49408,-13,-483
Messina,Perugia,OK,848009,37043,848078,37046,-69,-3
Messina,Pesaro,OK,916305,41610,916364,41612,-59,-2
Messina,Piacenza,OK,1189735,46707,1189729,47185,6,-478
Messina,Pisa,OK,1030313,42379,1030382,42382,-69,-3
Messina,Pistoia,OK,988654,40268,989176,40307,-522,-39
Messina,Pordenone,OK,1278640,49167,1278636,49824,4,-657
Messina,Potenza,OK,403053,21827,403124,21830,-71,-3
Messina,Prato,OK,972056,39886,972125,39889,-69,-3
Messina,Ragusa,OK,202259,9611,202074,9611,185,0
Messina,Ravenna,OK,1041301,44334,1041370,44299,-69,35
Messina,Reggio di Calabria,OK,25568,5823,25568,5823,0,0
Messina,Rieti,OK,768721,34095,768791,34091,-70,4
Messina,Rimini,OK,946738,42646,946797,42649,-59,-3
Messina,Roma,OK,699034,31556,699103,31559,-69,-3
Messina,Rovigo,OK,1131826,44922,1131835,45306,-9,-384
Messina,Salerno,OK,443422,22711,443492,22713,-70,-2
Messina,Sanluri,OK,1218406,44479,1252397,207010,-33991,-162531
Messina,Sassari,OK,1284852,47788,1122971,203179,161881,-155391
Messina,Savona,OK,1225452,49230,1225529,49234,-77,-4
Messina,Siena,OK,923575,38691,923644,38694,-69,-3
Messina,Siracusa,OK,161325,6757,161325,6757,0,0
Messina,Sondrio,OK,1381857,54244,1381916,54806,-59,-562
Messina,Taranto,OK,384702,21911,384700,21911,2,0
Messina,Tempio Pausania,OK,1282819,47676,1066288,200028,216531,-152352
Messina,Teramo,OK,766523,34221,766593,34220,-70,1
Messina,Terni,OK,779067,34413,779137,34416,-70,-3
Messina,Torino,OK,1369569,53553,1369562,54034,7,-481
Messina,Tortolì,OK,1082946,37916,1183590,205230,-100644,-167314
Messina,Trani,OK,485595,25921,485528,25917,67,4
Messina,Trapani,OK,328185,13424,328185,13427,0,-3
Messina,Trento,OK,1263165,48878,1263158,49359,7,-481
Messina,Treviso,OK,1221057,47764,1221053,48147,4,-383
Messina,Trieste,OK,1360946,52175,1360912,52927,34,-752
Messina,Udine,OK,1320860,51058,1321178,51881,-318,-823
Messina,Urbino,OK,937873,42313,937936,42329,-63,-16
Messina,Varese,OK,1310764,50647,1310756,51131,8,-484
Messina,Venezia,OK,1206180,47232,1205647,47569,533,-337
Messina,Verbania,OK,1355113,52668,1355110,53151,3,-483
Messina,Vercelli,OK,1335144,52086,1335132,52569,12,-483
Messina,Verona,OK,1181183,46597,1181183,47044,0,-447
Messina,Vibo Valentia,OK,97568,9209,97567,9209,1,0
Messina,Vicenza,OK,1202165,47256,1202159,47640,6,-384
Messina,Villacidro,OK,1246222,45854,1269312,208279,-23090,-162425
Messina,Viterbo,OK,783534,34783,783603,34786,-69,-3
Milano,Agrigento,OK,1504623,60164,1505145,60185,-522,-21
Milano,Alessandria,OK,93296,3721,92996,3743,300,-22
Milano,Ancona,OK,426662,16386,426668,16401,-6,-15
Milano,Andria,OK,828810,28861,828787,28874,23,-13
Milano,Aosta,OK,184273,7988,184243,7989,30,-1
Milano,Arezzo,OK,377401,12584,377349,12582,52,2
Milano,Ascoli Piceno,OK,539168,19096,539144,19109,24,-13
Milano,Asti,OK,130122,5044,130141,5045,-19,-1
Milano,Avellino,OK,798553,25864,798512,25921,41,-57
Milano,Bari,OK,879429,30914,879406,30927,23,-13
Milano,Barletta,OK,828064,28935,828038,28948,26,-13
Milano,Belluno,OK,361118,12298,361123,12725,-5,-427
Milano,Benevento,OK,781197,25747,781145,25744,52,3
Milano,Bergamo,OK,50183,2319,50185,2319,-2,0
Milano,Biella,OK,101783,4868,101756,4866,27,2
Milano,Bologna,OK,213042,6917,213043,6917,-1,0
Milano,Bolzano - Bozen,OK,297865,10746,297870,11125,-5,-379
Milano,Brescia,OK,98750,4294,98752,4294,-2,0
Milano,Brindisi,OK,993637,34894,993613,34908,24,-14
Milano,Cagliari,OK,1014481,30797,1088047,194742,-73566,-163945
Milano,Caltanissetta,OK,1454154,57027,1454677,57048,-523,-21
Milano,Campobasso,OK,743544,26648,743520,26661,24,-13
Milano,Carbonia,OK,1080875,33567,1118342,196697,-37467,-163130
Milano,Caserta,OK,747055,24069,747003,24067,52,2
Milano,Catania,OK,1344871,52676,1345397,52696,-526,-20
Milano,Catanzaro,OK,1160783,40448,1161308,40469,-525,-21
Milano,Chieti,OK,588143,20644,587858,20646,285,-2
Milano,Como,OK,49240,2263,49240,2263,0,0
Milano,Cosenza,OK,1067795,36732,1068318,36753,-523,-21
Milano,Cremona,OK,102585,3990,102585,3990,0,0
Milano,Crotone,OK,1146287,41690,1146810,41711,-523,-21
Milano,Cuneo,OK,222145,9624,222153,9625,-8,-1
Milano,Enna,OK,1428790,56171,1429313,56192,-523,-21
Milano,Fermo,OK,484455,17409,484432,17423,23,-14
Milano,Ferrara,OK,254591,8193,254591,8193,0,0
Milano,Firenze,OK,306524,10658,306471,10656,53,2
Milano,Foggia,OK,758991,25987,758967,26001,24,-14
Milano,Forlì,OK,283335,10178,283327,10178,8,0
Milano,Frosinone,OK,637863,20829,637810,20826,53,3
Milano,Genova,OK,147111,5462,147111,5460,0,2
Milano,Gorizia,OK,395556,14146,395574,14910,-18,-764
Milano,Grosseto,OK,439784,16551,440232,16546,-448,5
Milano,Iglesias,OK,1058183,32525,1091371,195695,-33188,-163170
Milano,Imperia,OK,245578,9592,245579,9592,-1,0
Milano,Isernia,OK,728518,24377,728465,24430,53,-53
Milano,L'Aquila,OK,664438,21183,664384,21181,54,2
Milano,La Spezia,OK,222307,8259,222307,8259,0,0
Milano,Lanusei,OK,892728,24439,977304,190979,-84576,-166540
Milano,Latina,OK,640451,21710,640399,21690,52,20
Milano,Lecce,OK,1029010,36296,1028987,36309,23,-13
Milano,Lecco,OK,55143,2704,55143,2703,0,1
Milano,Livorno,OK,298152,11411,298152,11411,0,0
Milano,Lodi,OK,37173,2344,37173,2344,0,0
Milano,Macerata,OK,487078,17290,487057,17304,21,-14
Milano,Mantova,OK,182616,6740,182618,7137,-2,-397
Milano,Massa,OK,239391,9005,239395,9006,-4,-1
Milano,Matera,OK,903981,33000,903964,33023,17,-23
Milano,Messina,OK,1249282,48536,1249808,48557,-526,-21
Milano,Modena,OK,177628,5838,177628,5838,0,0
Milano,Monza,OK,17949,1197,17950,1197,-1,0
Milano,Napoli,OK,772853,24800,772800,24798,53,2
Milano,Novara,OK,53205,3109,53196,3109,9,0
Milano,Nuoro,OK,965395,28115,917540,187761,47855,-159646
Milano,Olbia,OK,1033451,31151,815748,183490,217703,-152339
Milano,Oristano,OK,1046482,31612,996870,191161,49612,-159549
Milano,Padova,OK,237885,8573,237887,9000,-2,-427
Milano,Palermo,OK,1096332,55522,1474230,57663,-377898,-2141
Milano,Parma,OK,125711,4365,125711,4365,0,0
Milano,Pavia,OK,41095,1947,41095,1947,0,0
Milano,Perugia,OK,453923,15149,453871,15147,52,2
Milano,Pesaro,OK,362222,12685,362222,12699,0,-14
Milano,Piacenza,OK,68752,2744,68750,2744,2,0
Milano,Pisa,OK,280926,10803,280926,10803,0,0
Milano,Pistoia,OK,314636,10520,315036,10554,-400,-34
Milano,Pordenone,OK,342577,11547,342581,12248,-4,-701
Milano,Potenza,OK,865972,31539,865949,31553,23,-14
Milano,Prato,OK,298038,10138,297985,10135,53,3
Milano,Ragusa,OK,1450732,58013,1451073,58034,-341,-21
Milano,Ravenna,OK,289686,9970,289685,9970,1,0
Milano,Reggio di Calabria,OK,1251473,43913,1252000,43934,-527,-21
Milano,Rieti,OK,564213,18868,564157,18865,56,3
Milano,Rimini,OK,329612,11302,329611,11316,1,-14
Milano,Roma,OK,574922,19139,574869,19137,53,2
Milano,Rovigo,OK,287472,8868,287488,8869,-16,-1
Milano,Salerno,OK,814819,26480,814767,26478,52,2
Milano,Sanluri,OK,1010142,30159,1044019,192687,-33877,-162528
Milano,Sassari,OK,1076588,33468,914592,188855,161996,-155387
Milano,Savona,OK,170199,6612,170207,6613,-8,-1
Milano,Siena,OK,366274,13026,366220,13024,54,2
Milano,Siracusa,OK,1409797,55159,1410323,55180,-526,-21
Milano,Sondrio,OK,134701,6378,134768,6457,-67,-79
Milano,Taranto,OK,963372,34527,963389,34544,-17,-17
Milano,Tempio Pausania,OK,1074555,33356,857910,185704,216645,-152348
Milano,Teramo,OK,553440,19405,553414,19412,26,-7
Milano,Terni,OK,528463,16853,528411,16850,52,3
Milano,Torino,OK,141059,6351,141059,6351,0,0
Milano,Tortolì,OK,874682,23597,975211,190906,-100529,-167309
Milano,Trani,OK,839055,29344,839032,29357,23,-13
Milano,Trapani,OK,1196381,59467,1577184,61850,-380803,-2383
Milano,Trento,OK,241819,8547,241823,8927,-4,-380
Milano,Treviso,OK,284994,10144,284999,10571,-5,-427
Milano,Trieste,OK,424883,14555,424858,15351,25,-796
Milano,Udine,OK,384796,13437,385124,14305,-328,-868
Milano,Urbino,OK,385778,14174,385778,14188,0,-14
Milano,Varese,OK,57286,2568,57286,2568,0,0
Milano,Venezia,OK,270117,9612,269593,9993,524,-381
Milano,Verbania,OK,101635,4589,101640,4588,-5,1
Milano,Vercelli,OK,84260,4112,84257,4111,3,1
Milano,Verona,OK,159466,6117,159474,6552,-8,-435
Milano,Vibo Valentia,OK,1162388,41016,1162912,41037,-524,-21
Milano,Vicenza,OK,208218,7582,208457,8009,-239,-427
Milano,Villacidro,OK,1037958,31535,1060933,193956,-22975,-162421
Milano,Viterbo,OK,516276,16854,516231,16852,45,2
Modena,Agrigento,OK,1335296,55418,1335823,55439,-527,-21
Modena,Alessandria,OK,211794,7472,211495,7494,299,-22
Modena,Ancona,OK,257335,11641,257346,11656,-11,-15
Modena,Andria,OK,659483,24115,659465,24128,18,-13
Modena,Aosta,OK,360048,13110,360016,13113,32,-3
Modena,Arezzo,OK,208074,7838,208027,7836,47,2
Modena,Ascoli Piceno,OK,369840,14350,369822,14363,18,-13
Modena,Asti,OK,247462,8700,247481,8701,-19,-1
Modena,Avellino,OK,629226,21118,629190,21176,36,-58
Modena,Bari,OK,710102,26168,710084,26182,18,-14
Modena,Barletta,OK,658737,24189,658716,24202,21,-13
Modena,Belluno,OK,283500,9119,283508,9119,-8,0
Modena,Benevento,OK,611870,21001,611823,20999,47,2
Modena,Bergamo,OK,202794,7183,219848,7244,-17054,-61
Modena,Biella,OK,277558,9989,277529,9990,29,-1
Modena,Bologna,OK,43715,2171,43721,2172,-6,-1
Modena,Bolzano - Bozen,OK,244103,8224,244103,8224,0,0
Modena,Brescia,OK,158525,5409,158525,5624,0,-215
Modena,Brindisi,OK,824309,30148,824291,30162,18,-14
Modena,Cagliari,OK,845153,26051,918725,189996,-73572,-163945
Modena,Caltanissetta,OK,1284826,52281,1285355,52302,-529,-21
Modena,Campobasso,OK,574216,21902,574198,21915,18,-13
Modena,Carbonia,OK,911548,28821,949020,191952,-37472,-163131
Modena,Caserta,OK,577728,19323,577681,19321,47,2
Modena,Catania,OK,1175544,47930,1176075,47951,-531,-21
Modena,Catanzaro,OK,991456,35702,991986,35723,-530,-21
Modena,Chieti,OK,418815,15898,418536,15901,279,-3
Modena,Como,OK,227608,7489,227607,7492,1,-3
Modena,Cosenza,OK,898468,31986,898996,32007,-528,-21
Modena,Cremona,OK,143653,4941,143653,4941,0,0
Modena,Crotone,OK,976960,36944,977488,36965,-528,-21
Modena,Cuneo,OK,339485,13281,339493,13281,-8,0
Modena,Enna,OK,1259463,51425,1259991,51446,-528,-21
Modena,Fermo,OK,315127,12664,315110,12677,17,-13
Modena,Ferrara,OK,85264,3447,85269,3447,-5,0
Modena,Firenze,OK,137196,5912,137149,5910,47,2
Modena,Foggia,OK,589663,21241,589645,21255,18,-14
Modena,Forlì,OK,114008,5432,114005,5432,3,0
Modena,Frosinone,OK,468535,16083,468488,16081,47,2
Modena,Genova,OK,265610,9213,265610,9211,0,2
Modena,Gorizia,OK,317937,10966,317959,11304,-22,-338
Modena,Grosseto,OK,270456,11805,270910,11801,-454,4
Modena,Iglesias,OK,888855,27779,922049,190950,-33194,-163171
Modena,Imperia,OK,364077,13343,364078,13343,-1,0
Modena,Isernia,OK,559191,19631,559143,19685,48,-54
Modena,L'Aquila,OK,495111,16437,495062,16435,49,2
Modena,La Spezia,OK,175302,6792,175302,6792,0,0
Modena,Lanusei,OK,723400,19693,807982,186233,-84582,-166540
Modena,Latina,OK,471124,16964,471077,16944,47,20
Modena,Lecce,OK,859683,31550,859665,31563,18,-13
Modena,Lecco,OK,227189,7716,227189,7719,0,-3
Modena,Livorno,OK,210370,8817,210323,8815,47,2
Modena,Lodi,OK,151066,4927,151065,4926,1,1
Modena,Macerata,OK,317751,12544,317735,12558,16,-14
Modena,Mantova,OK,73745,2724,73745,2724,0,0
Modena,Massa,OK,192387,7539,192390,7539,-3,0
Modena,Matera,OK,734653,28254,734642,28277,11,-23
Modena,Messina,OK,1079954,43790,1080486,43811,-532,-21
Modena,Milano,OK,175425,5721,175424,5723,1,-2
Modena,Monza,OK,187613,6119,187613,6121,0,-2
Modena,Napoli,OK,603526,20054,603478,20052,48,2
Modena,Novara,OK,228979,8231,228969,8233,10,-2
Modena,Nuoro,OK,796067,23369,748218,183015,47849,-159646
Modena,Olbia,OK,864123,26405,646426,178745,217697,-152340
Modena,Oristano,OK,877155,26866,827548,186416,49607,-159550
Modena,Padova,OK,156196,5504,156199,5504,-3,0
Modena,Palermo,OK,927004,50777,1304908,52917,-377904,-2140
Modena,Parma,OK,60152,2827,60153,2826,-1,1
Modena,Pavia,OK,164299,6073,164319,6074,-20,-1
Modena,Perugia,OK,284596,10403,284549,10401,47,2
Modena,Pesaro,OK,192895,7939,192900,7954,-5,-15
Modena,Piacenza,OK,114626,3854,114626,3851,0,3
Modena,Pisa,OK,202053,7938,202006,7927,47,11
Modena,Pistoia,OK,145308,5774,145714,5808,-406,-34
Modena,Pordenone,OK,264959,8367,264966,8641,-7,-274
Modena,Potenza,OK,696645,26793,696627,26807,18,-14
Modena,Prato,OK,128710,5392,128663,5390,47,2
Modena,Ragusa,OK,1281404,53267,1281751,53288,-347,-21
Modena,Ravenna,OK,120359,5224,120363,5224,-4,0
Modena,Reggio di Calabria,OK,1082146,39167,1082678,39188,-532,-21
Modena,Rieti,OK,394885,14122,394835,14119,50,3
Modena,Rimini,OK,160284,6556,160289,6571,-5,-15
Modena,Roma,OK,405594,14393,405547,14391,47,2
Modena,Rovigo,OK,118144,4122,118166,4123,-22,-1
Modena,Salerno,OK,645492,21734,645445,21732,47,2
Modena,Sanluri,OK,840815,25414,874697,187941,-33882,-162527
Modena,Sassari,OK,907261,28722,745270,184110,161991,-155388
Modena,Savona,OK,288698,10363,288706,10364,-8,-1
Modena,Siena,OK,196946,8280,196898,8278,48,2
Modena,Siracusa,OK,1240470,50413,1241001,50434,-531,-21
Modena,Sondrio,OK,306747,11391,306814,11472,-67,-81
Modena,Taranto,OK,794044,29782,794067,29798,-23,-16
Modena,Tempio Pausania,OK,905228,28611,688588,180959,216640,-152348
Modena,Teramo,OK,384113,14659,384092,14666,21,-7
Modena,Terni,OK,359135,12107,359089,12105,46,2
Modena,Torino,OK,294459,10700,294459,10700,0,0
Modena,Tortolì,OK,705354,18851,805889,186161,-100535,-167310
Modena,Trani,OK,669728,24598,669710,24611,18,-13
Modena,Trapani,OK,1027053,54721,1407862,57104,-380809,-2383
Modena,Trento,OK,188056,6025,188056,6025,0,0
Modena,Treviso,OK,207376,6964,207384,6964,-8,0
Modena,Trieste,OK,347264,11375,347243,11744,21,-369
Modena,Udine,OK,307178,10258,307508,10698,-330,-440
Modena,Urbino,OK,216451,9428,216456,9443,-5,-15
Modena,Varese,OK,235655,7794,235654,7797,1,-3
Modena,Venezia,OK,192499,6432,191978,6386,521,46
Modena,Verbania,OK,280003,9815,280008,9817,-5,-2
Modena,Vercelli,OK,260035,9233,260030,9235,5,-2
Modena,Verona,OK,106074,3744,106081,3709,-7,35
Modena,Vibo Valentia,OK,993060,36271,993590,36292,-530,-21
Modena,Vicenza,OK,154826,5209,155063,5166,-237,43
Modena,Villacidro,OK,868631,26789,891611,189210,-22980,-162421
Modena,Viterbo,OK,346949,12108,346909,12107,40,1
Monza,Agrigento,OK,1516118,60447,1516593,60467,-475,-20
Monza,Alessandria,OK,111131,4493,110785,4515,346,-22
Monza,Ancona,OK,438158,16669,438116,16684,42,-15
Monza,Andria,OK,840305,29143,840235,29156,70,-13
Monza,Aosta,OK,191934,8103,191857,8107,77,-4
Monza,Arezzo,OK,388896,12866,388797,12864,99,2
Monza,Ascoli Piceno,OK,550663,19378,550593,19391,70,-13
Monza,Asti,OK,147958,5816,147930,5816,28,0
Monza,Avellino,OK,810049,26146,809960,26204,89,-58
Monza,Bari,OK,890924,31196,890854,31210,70,-14
Monza,Barletta,OK,839559,29217,839486,29230,73,-13
Monza,Belluno,OK,354019,11787,353975,12214,44,-427
Monza,Benevento,OK,792693,26029,792593,26027,100,2
Monza,Bergamo,OK,43084,1808,43037,1808,47,0
Monza,Biella,OK,109444,4982,109369,4985,75,-3
Monza,Bologna,OK,224538,7200,224491,7200,47,0
Monza,Bolzano - Bozen,OK,290766,10235,290722,10613,44,-378
Monza,Brescia,OK,91651,3782,91604,3782,47,0
Monza,Brindisi,OK,1005132,35177,1005061,35190,71,-13
Monza,Cagliari,OK,1025976,31079,1099495,195024,-73519,-163945
Monza,Caltanissetta,OK,1465649,57309,1466125,57330,-476,-21
Monza,Campobasso,OK,755039,26930,754968,26943,71,-13
Monza,Carbonia,OK,1092370,33849,1129790,196980,-37420,-163131
Monza,Caserta,OK,758550,24351,758451,24349,99,2
Monza,Catania,OK,1356366,52958,1356846,52979,-480,-21
Monza,Catanzaro,OK,1172278,40730,1172756,40751,-478,-21
Monza,Chieti,OK,599638,20926,599306,20929,332,-3
Monza,Como,OK,40543,2186,40543,2186,0,0
Monza,Cosenza,OK,1079290,37015,1079766,37035,-476,-20
Monza,Cremona,OK,114080,4272,114033,4272,47,0
Monza,Crotone,OK,1157782,41972,1158258,41993,-476,-21
Monza,Cuneo,OK,239981,10396,239942,10397,39,-1
Monza,Enna,OK,1440286,56454,1440761,56474,-475,-20
Monza,Fermo,OK,495950,17692,495880,17705,70,-13
Monza,Ferrara,OK,266086,8475,266039,8475,47,0
Monza,Firenze,OK,318019,10941,317919,10938,100,3
Monza,Foggia,OK,770486,26270,770415,26283,71,-13
Monza,Forlì,OK,294830,10461,294775,10460,55,1
Monza,Frosinone,OK,649358,21111,649258,21109,100,2
Monza,Genova,OK,164947,6234,164900,6232,47,2
Monza,Gorizia,OK,388457,13635,388426,14399,31,-764
Monza,Grosseto,OK,451279,16833,451680,16829,-401,4
Monza,Iglesias,OK,1069678,32807,1102819,195978,-33141,-163171
Monza,Imperia,OK,263414,10364,263368,10364,46,0
Monza,Isernia,OK,740014,24660,739913,24713,101,-53
Monza,L'Aquila,OK,675933,21465,675832,21463,101,2
Monza,La Spezia,OK,233802,8541,233755,8541,47,0
Monza,Lanusei,OK,904223,24721,988752,191261,-84529,-166540
Monza,Latina,OK,651947,21993,651847,21972,100,21
Monza,Lecce,OK,1040506,36578,1040435,36591,71,-13
Monza,Lecco,OK,40926,1911,40926,1911,0,0
Monza,Livorno,OK,309647,11694,309600,11694,47,0
Monza,Lodi,OK,48668,2626,48621,2626,47,0
Monza,Macerata,OK,498573,17572,498506,17586,67,-14
Monza,Mantova,OK,175517,6229,175470,6625,47,-396
Monza,Massa,OK,250887,9288,250843,9288,44,0
Monza,Matera,OK,915476,33282,915412,33305,64,-23
Monza,Messina,OK,1260777,48818,1261256,48839,-479,-21
Monza,Milano,OK,18050,1138,18002,1138,48,0
Monza,Modena,OK,189123,6120,189076,6120,47,0
Monza,Napoli,OK,784348,25083,784249,25080,99,3
Monza,Novara,OK,60866,3224,60810,3228,56,-4
Monza,Nuoro,OK,976890,28397,928989,188043,47901,-159646
Monza,Olbia,OK,1044946,31433,827196,183773,217750,-152340
Monza,Oristano,OK,1057977,31894,1008318,191444,49659,-159550
Monza,Padova,OK,230786,8061,230739,8488,47,-427
Monza,Palermo,OK,1107827,55805,1485678,57945,-377851,-2140
Monza,Parma,OK,137206,4647,137159,4647,47,0
Monza,Pavia,OK,58930,2719,58883,2719,47,0
Monza,Perugia,OK,465418,15431,465319,15429,99,2
Monza,Pesaro,OK,373718,12967,373670,12982,48,-15
Monza,Piacenza,OK,80247,3027,80198,3027,49,0
Monza,Pisa,OK,292421,11085,292374,11085,47,0
Monza,Pistoia,OK,326131,10802,326484,10836,-353,-34
Monza,Pordenone,OK,335478,11035,335433,11736,45,-701
Monza,Potenza,OK,877467,31822,877397,31835,70,-13
Monza,Prato,OK,309533,10420,309433,10418,100,2
Monza,Ragusa,OK,1462227,58295,1462521,58316,-294,-21
Monza,Ravenna,OK,301181,10252,301133,10252,48,0
Monza,Reggio di Calabria,OK,1262969,44195,1263448,44216,-479,-21
Monza,Rieti,OK,575708,19150,575605,19147,103,3
Monza,Rimini,OK,341107,11584,341059,11599,48,-15
Monza,Roma,OK,586417,19421,586317,19419,100,2
Monza,Rovigo,OK,235788,9091,298936,9151,-63148,-60
Monza,Salerno,OK,826315,26763,826215,26760,100,3
Monza,Sanluri,OK,1021638,30442,1055467,192969,-33829,-162527
Monza,Sassari,OK,1088083,33750,926040,189138,162043,-155388
Monza,Savona,OK,188035,7384,187996,7385,39,-1
Monza,Siena,OK,377769,13308,377668,13306,101,2
Monza,Siracusa,OK,1421292,55441,1421771,55462,-479,-21
Monza,Sondrio,OK,120485,5586,120551,5664,-66,-78
Monza,Taranto,OK,974867,34810,974837,34826,30,-16
Monza,Tempio Pausania,OK,1086050,33639,869358,185987,216692,-152348
Monza,Teramo,OK,564936,19688,564862,19694,74,-6
Monza,Terni,OK,539958,17135,539859,17133,99,2
Monza,Torino,OK,148720,6466,148673,6470,47,-4
Monza,Tortolì,OK,886177,23879,986659,191189,-100482,-167310
Monza,Trani,OK,850550,29626,850480,29639,70,-13
Monza,Trapani,OK,1207876,59750,1588632,62132,-380756,-2382
Monza,Trento,OK,234720,8036,234675,8415,45,-379
Monza,Treviso,OK,277895,9633,277851,10059,44,-426
Monza,Trieste,OK,417784,14044,417710,14839,74,-795
Monza,Udine,OK,377697,12926,377976,13793,-279,-867
Monza,Urbino,OK,397273,14456,397226,14471,47,-15
Monza,Varese,OK,64917,2689,64871,2693,46,-4
Monza,Venezia,OK,263018,9101,262445,9481,573,-380
Monza,Verbania,OK,109266,4710,109224,4713,42,-3
Monza,Vercelli,OK,91921,4226,91871,4230,50,-4
Monza,Verona,OK,152367,5606,152326,6041,41,-435
Monza,Vibo Valentia,OK,1173883,41299,1174360,41320,-477,-21
Monza,Vicenza,OK,201119,7071,201309,7497,-190,-426
Monza,Villacidro,OK,1049453,31817,1072381,194238,-22928,-162421
Monza,Viterbo,OK,527772,17136,527679,17135,93,1
Napoli,Agrigento,OK,751016,36507,751573,36529,-557,-22
Napoli,Alessandria,OK,808630,26307,808255,26808,375,-501
Napoli,Ancona,OK,423806,15305,423807,15302,-1,3
Napoli,Andria,OK,210425,8762,210422,8825,3,-63
Napoli,Aosta,OK,956884,31945,956776,32426,108,-481
Napoli,Arezzo,OK,415703,13511,415704,13511,-1,0
Napoli,Ascoli Piceno,OK,322383,12183,322385,12180,-2,3
Napoli,Asti,OK,844298,27535,844241,28014,57,-479
Napoli,Avellino,OK,57966,2586,57963,2644,3,-58
Napoli,Bari,OK,261044,10815,261041,10878,3,-63
Napoli,Barletta,OK,209679,8836,209673,8899,6,-63
Napoli,Belluno,OK,818908,25901,818834,26281,74,-380
Napoli,Benevento,OK,71635,3727,71635,3727,0,0
Napoli,Bergamo,OK,799630,26018,816608,26557,-16978,-539
Napoli,Biella,OK,874394,28825,874289,29304,105,-479
Napoli,Bologna,OK,575841,18806,575766,19186,75,-380
Napoli,Bolzano - Bozen,OK,840939,27059,840863,27537,76,-478
Napoli,Brescia,OK,755361,24244,755285,24937,76,-693
Napoli,Brindisi,OK,375251,14796,375248,14858,3,-62
Napoli,Cagliari,OK,744471,21099,818082,185045,-73611,-163946
Napoli,Caltanissetta,OK,700547,33369,701104,33391,-557,-22
Napoli,Campobasso,OK,131349,7026,131349,7026,0,0
Napoli,Carbonia,OK,810865,23869,848378,187000,-37513,-163131
Napoli,Caserta,OK,34809,1600,34809,1600,0,0
Napoli,Catania,OK,591264,29018,591825,29040,-561,-22
Napoli,Catanzaro,OK,407176,16791,407735,16812,-559,-21
Napoli,Chieti,OK,278703,10426,275305,10436,3398,-10
Napoli,Como,OK,824444,26324,824367,26805,77,-481
Napoli,Cosenza,OK,314188,13075,314746,13097,-558,-22
Napoli,Cremona,OK,740489,23776,740413,24254,76,-478
Napoli,Crotone,OK,392680,18033,393238,18054,-558,-21
Napoli,Cuneo,OK,846050,29210,846058,29210,-8,0
Napoli,Enna,OK,675183,32514,675741,32536,-558,-22
Napoli,Fermo,OK,370884,13314,370885,13311,-1,3
Napoli,Ferrara,OK,620672,20229,620596,20609,76,-380
Napoli,Firenze,OK,471527,15153,471854,15153,-327,0
Napoli,Foggia,OK,176152,7413,176149,7475,3,-62
Napoli,Forlì,OK,548684,19802,548684,19802,0,0
Napoli,Frosinone,OK,144381,4601,144381,4601,0,0
Napoli,Genova,OK,705941,23611,705941,23609,0,2
Napoli,Gorizia,OK,853345,27749,853285,28466,60,-717
Napoli,Grosseto,OK,400538,14564,400538,14564,0,0
Napoli,Iglesias,OK,788173,22827,821407,185998,-33234,-163171
Napoli,Imperia,OK,822557,28192,822558,28192,-1,0
Napoli,Isernia,OK,107493,4533,107494,4633,-1,-100
Napoli,L'Aquila,OK,230606,8603,230574,8598,32,5
Napoli,La Spezia,OK,619570,20077,619570,20077,0,0
Napoli,Lanusei,OK,622718,14741,707340,181282,-84622,-166541
Napoli,Latina,OK,191057,7221,191057,7224,0,-3
Napoli,Lecce,OK,410625,16197,410621,16260,4,-63
Napoli,Lecco,OK,824025,26552,823949,27032,76,-480
Napoli,Livorno,OK,560919,18834,560919,18834,0,0
Napoli,Lodi,OK,747902,23762,747825,24240,77,-478
Napoli,Macerata,OK,407297,14902,407301,14899,-4,3
Napoli,Mantova,OK,670581,21559,670505,22037,76,-478
Napoli,Massa,OK,591541,19004,591545,19005,-4,-1
Napoli,Matera,OK,257663,12537,257638,12614,25,-77
Napoli,Messina,OK,495675,24879,496236,24900,-561,-21
Napoli,Milano,OK,772261,24556,772183,25037,78,-481
Napoli,Modena,OK,604346,19982,604275,20461,71,-479
Napoli,Monza,OK,784449,24954,784373,25435,76,-481
Napoli,Novara,OK,825815,27066,825729,27547,86,-481
Napoli,Nuoro,OK,695385,18416,647576,178064,47809,-159648
Napoli,Olbia,OK,763441,21453,545784,173794,217657,-152341
Napoli,Oristano,OK,776472,21914,726906,181464,49566,-159550
Napoli,Padova,OK,691604,22286,691526,22666,78,-380
Napoli,Palermo,OK,323386,30910,720658,34007,-397272,-3097
Napoli,Parma,OK,656988,21662,656912,22140,76,-478
Napoli,Pavia,OK,761135,24908,761079,25387,56,-479
Napoli,Perugia,OK,369736,13025,369735,13025,1,0
Napoli,Pesaro,OK,487044,17743,487034,17739,10,4
Napoli,Piacenza,OK,711462,22690,711386,23164,76,-474
Napoli,Pisa,OK,552039,18361,552039,18361,0,0
Napoli,Pistoia,OK,510380,16250,510834,16286,-454,-36
Napoli,Pordenone,OK,800367,25149,800293,25803,74,-654
Napoli,Potenza,OK,173578,7938,173561,7937,17,1
Napoli,Prato,OK,493782,15868,493782,15868,0,0
Napoli,Ragusa,OK,697125,34356,697501,34378,-376,-22
Napoli,Ravenna,OK,563027,20317,563027,20279,0,38
Napoli,Reggio di Calabria,OK,497866,20256,498427,20277,-561,-21
Napoli,Rieti,OK,290448,10077,290449,10070,-1,7
Napoli,Rimini,OK,517478,18780,517467,18776,11,4
Napoli,Roma,OK,220761,7538,220761,7538,0,0
Napoli,Rovigo,OK,653552,20904,653492,21285,60,-381
Napoli,Salerno,OK,60029,2772,60011,2770,18,2
Napoli,Sanluri,OK,740133,20461,774055,182990,-33922,-162529
Napoli,Sassari,OK,806579,23770,644628,179159,161951,-155389
Napoli,Savona,OK,747178,25213,747186,25213,-8,0
Napoli,Siena,OK,445302,14673,445302,14673,0,0
Napoli,Siracusa,OK,656190,31502,656751,31523,-561,-21
Napoli,Sondrio,OK,903583,30226,903573,30785,10,-559
Napoli,Taranto,OK,344986,14429,345024,14494,-38,-65
Napoli,Tempio Pausania,OK,804546,23658,587945,176007,216601,-152349
Napoli,Teramo,OK,288249,10203,288251,10200,-2,3
Napoli,Terni,OK,300794,10395,300795,10395,-1,0
Napoli,Torino,OK,891295,29536,891219,30014,76,-478
Napoli,Tortolì,OK,604672,13898,705247,181209,-100575,-167311
Napoli,Trani,OK,220670,9245,220667,9308,3,-63
Napoli,Trapani,OK,423435,34855,823612,38193,-400177,-3338
Napoli,Trento,OK,784892,24861,784816,25339,76,-478
Napoli,Treviso,OK,742784,23746,742710,24126,74,-380
Napoli,Trieste,OK,882672,28157,882569,28906,103,-749
Napoli,Udine,OK,842586,27040,842835,27861,-249,-821
Napoli,Urbino,OK,459599,18296,459594,18308,5,-12
Napoli,Varese,OK,832491,26629,832414,27110,77,-481
Napoli,Venezia,OK,727907,23215,727305,23549,602,-334
Napoli,Verbania,OK,876839,28650,876768,29130,71,-480
Napoli,Vercelli,OK,856871,28068,856790,28549,81,-481
Napoli,Verona,OK,702910,22579,702840,23023,70,-444
Napoli,Vibo Valentia,OK,408781,17359,409340,17381,-559,-22
Napoli,Vicenza,OK,723892,23238,723816,23620,76,-382
Napoli,Villacidro,OK,767948,21837,790969,184259,-23021,-162422
Napoli,Viterbo,OK,305260,10765,305260,10765,0,0
Novara,Agrigento,OK,1555076,62034,1555598,62054,-522,-20
Novara,Alessandria,OK,94199,4235,73187,4486,21012,-251
Novara,Ancona,OK,477115,18256,477121,18271,-6,-15
Novara,Andria,OK,879263,30730,879240,30743,23,-13
Novara,Aosta,OK,140303,6083,140273,6086,30,-3
Novara,Arezzo,OK,427854,14453,427802,14451,52,2
Novara,Ascoli Piceno,OK,589621,20965,589598,20978,23,-13
Novara,Asti,OK,81991,4817,81992,4816,-1,1
Novara,Avellino,OK,849006,27733,848965,27791,41,-58
Novara,Bari,OK,929882,32784,929859,32797,23,-13
Novara,Barletta,OK,878517,30804,878491,30818,26,-14
Novara,Belluno,OK,403919,13727,403922,14154,-3,-427
Novara,Benevento,OK,831651,27616,831598,27614,53,2
Novara,Bergamo,OK,92984,3748,92984,3748,0,0
Novara,Biella,OK,57813,2962,57785,2964,28,-2
Novara,Bologna,OK,263495,8787,263496,8787,-1,0
Novara,Bolzano - Bozen,OK,340666,12175,340668,12554,-2,-379
Novara,Brescia,OK,141551,5722,141551,5722,0,0
Novara,Brindisi,OK,1044090,36764,1044066,36777,24,-13
Novara,Cagliari,OK,1064934,32666,1138500,196611,-73566,-163945
Novara,Caltanissetta,OK,1504607,58896,1505130,58917,-523,-21
Novara,Campobasso,OK,793997,28517,793973,28531,24,-14
Novara,Carbonia,OK,1131328,35436,1168795,198567,-37467,-163131
Novara,Caserta,OK,797508,25938,797456,25936,52,2
Novara,Catania,OK,1395324,54545,1395851,54566,-527,-21
Novara,Catanzaro,OK,1211236,42318,1211761,42338,-525,-20
Novara,Chieti,OK,638596,22513,638311,22516,285,-3
Novara,Como,OK,76949,3201,76949,3201,0,0
Novara,Cosenza,OK,1118248,38602,1118772,38622,-524,-20
Novara,Cremona,OK,153038,5859,153038,5859,0,0
Novara,Crotone,OK,1196740,43559,1197263,43580,-523,-21
Novara,Cuneo,OK,194811,8696,194818,8699,-7,-3
Novara,Enna,OK,1479244,58041,1479767,58062,-523,-21
Novara,Fermo,OK,534908,19279,534885,19292,23,-13
Novara,Ferrara,OK,305044,10062,305044,10062,0,0
Novara,Firenze,OK,356977,12528,356924,12526,53,2
Novara,Foggia,OK,809444,27857,809421,27870,23,-13
Novara,Forlì,OK,333788,12048,333780,12047,8,1
Novara,Frosinone,OK,688316,22698,688263,22696,53,2
Novara,Genova,OK,189866,7044,189866,7042,0,2
Novara,Gorizia,OK,438356,15575,438373,16339,-17,-764
Novara,Grosseto,OK,490237,18420,490685,18416,-448,4
Novara,Iglesias,OK,1108636,34394,1141824,197565,-33188,-163171
Novara,Imperia,OK,249980,10493,249981,10496,-1,-3
Novara,Isernia,OK,778972,26247,778918,26300,54,-53
Novara,L'Aquila,OK,714891,23052,714837,23050,54,2
Novara,La Spezia,OK,272760,10128,272760,10128,0,0
Novara,Lanusei,OK,943181,26308,1027757,192848,-84576,-166540
Novara,Latina,OK,690905,23580,690852,23559,53,21
Novara,Lecce,OK,1079463,38165,1079440,38178,23,-13
Novara,Lecco,OK,96610,4235,96610,4236,0,-1
Novara,Livorno,OK,348605,13281,348605,13281,0,0
Novara,Lodi,OK,87626,4214,87626,4213,0,1
Novara,Macerata,OK,537531,19160,537511,19173,20,-13
Novara,Mantova,OK,225417,8168,225417,8565,0,-397
Novara,Massa,OK,289845,10875,289848,10875,-3,0
Novara,Matera,OK,954434,34869,954417,34892,17,-23
Novara,Messina,OK,1299735,50405,1300261,50426,-526,-21
Novara,Milano,OK,51508,2644,51508,2644,0,0
Novara,Modena,OK,228081,7708,228081,7707,0,1
Novara,Monza,OK,58786,2746,59049,2753,-263,-7
Novara,Napoli,OK,823306,26670,823254,26667,52,3
Novara,Nuoro,OK,1015848,29984,967994,189630,47854,-159646
Novara,Olbia,OK,1083904,33020,866201,185360,217703,-152340
Novara,Oristano,OK,1096935,33481,1047323,193031,49612,-159550
Novara,Padova,OK,280686,10001,280686,10428,0,-427
Novara,Palermo,OK,1146785,57392,1524683,59532,-377898,-2140
Novara,Parma,OK,176164,6234,176164,6234,0,0
Novara,Pavia,OK,83849,3529,83849,3529,0,0
Novara,Perugia,OK,504376,17018,504324,17016,52,2
Novara,Pesaro,OK,412675,14554,412676,14569,-1,-15
Novara,Piacenza,OK,119205,4614,119203,4614,2,0
Novara,Pisa,OK,331379,12672,331379,12672,0,0
Novara,Pistoia,OK,365089,12389,365489,12423,-400,-34
Novara,Pordenone,OK,385378,12975,385380,13676,-2,-701
Novara,Potenza,OK,916425,33409,916402,33422,23,-13
Novara,Prato,OK,348491,12007,348438,12005,53,2
Novara,Ragusa,OK,1501185,59883,1501526,59904,-341,-21
Novara,Ravenna,OK,340139,11840,340138,11839,1,1
Novara,Reggio di Calabria,OK,1301927,45782,1302453,45803,-526,-21
Novara,Rieti,OK,614666,20737,614610,20734,56,3
Novara,Rimini,OK,380065,13171,380064,13186,1,-15
Novara,Roma,OK,625375,21009,625322,21006,53,3
Novara,Rovigo,OK,337925,10737,337941,10738,-16,-1
Novara,Salerno,OK,865273,28350,865220,28347,53,3
Novara,Sanluri,OK,1060596,32029,1094472,194556,-33876,-162527
Novara,Sassari,OK,1127041,35337,965045,190725,161996,-155388
Novara,Savona,OK,174601,7513,174609,7517,-8,-4
Novara,Siena,OK,416727,14895,416673,14893,54,2
Novara,Siracusa,OK,1460250,57028,1460777,57049,-527,-21
Novara,Sondrio,OK,176168,7910,176235,7989,-67,-79
Novara,Taranto,OK,1013825,36397,1013842,36413,-17,-16
Novara,Tempio Pausania,OK,1125008,35226,908363,187574,216645,-152348
Novara,Teramo,OK,603893,21275,603867,21281,26,-6
Novara,Terni,OK,578916,18722,578864,18720,52,2
Novara,Torino,OK,97089,4445,97089,4449,0,-4
Novara,Tortolì,OK,925135,25466,1025664,192776,-100529,-167310
Novara,Trani,OK,889508,31213,889485,31226,23,-13
Novara,Trapani,OK,1246834,61337,1627637,63719,-380803,-2382
Novara,Trento,OK,284619,9976,284622,10355,-3,-379
Novara,Treviso,OK,327795,11572,327798,11999,-3,-427
Novara,Trieste,OK,467683,15983,467657,16779,26,-796
Novara,Udine,OK,427597,14866,427922,15733,-325,-867
Novara,Urbino,OK,436231,16044,436231,16058,0,-14
Novara,Varese,OK,56040,3158,55961,3151,79,7
Novara,Venezia,OK,312918,11041,312392,11421,526,-380
Novara,Verbania,OK,78440,4075,78442,4078,-2,-3
Novara,Vercelli,OK,23785,1617,23781,1616,4,1
Novara,Verona,OK,202266,7546,202273,7981,-7,-435
Novara,Vibo Valentia,OK,1212841,42886,1213365,42907,-524,-21
Novara,Vicenza,OK,251019,9011,251256,9437,-237,-426
Novara,Villacidro,OK,1088411,33404,1111386,195825,-22975,-162421
Novara,Viterbo,OK,566730,18723,566684,18722,46,1
Nuoro,Agrigento,OK,1421257,53198,1373693,212817,47564,-159619
Nuoro,Alessandria,OK,998987,29211,950474,189306,48513,-160095
Nuoro,Ancona,OK,788482,21447,740374,181044,48108,-159597
Nuoro,Andria,OK,841414,24702,794047,184348,47367,-159646
Nuoro,Aosta,OK,1147241,34848,1098995,194925,48246,-160077
Nuoro,Arezzo,OK,606060,16415,557923,176010,48137,-159595
Nuoro,Ascoli Piceno,OK,687059,18324,638951,177921,48108,-159597
Nuoro,Asti,OK,1034655,30439,986460,190513,48195,-160074
Nuoro,Avellino,OK,715187,18898,667060,178553,48127,-159655
Nuoro,Bari,OK,892033,26756,844666,186401,47367,-159645
Nuoro,Barletta,OK,840669,24776,793298,184422,47371,-159646
Nuoro,Belluno,OK,1009265,28805,961053,188780,48212,-159975
Nuoro,Benevento,OK,697831,18780,649693,178376,48138,-159596
Nuoro,Bergamo,OK,989987,28921,958827,189056,31160,-160135
Nuoro,Biella,OK,1064751,31728,1016508,191802,48243,-160074
Nuoro,Bologna,OK,766198,21710,717984,181685,48214,-159975
Nuoro,Bolzano - Bozen,OK,1031296,29963,983082,190036,48214,-160073
Nuoro,Brescia,OK,945718,27147,897504,187436,48214,-160289
Nuoro,Brindisi,OK,1006241,30736,958873,190381,47368,-159645
Nuoro,Cagliari,OK,181196,7667,181196,7667,0,0
Nuoro,Caltanissetta,OK,1370787,50060,1323225,209679,47562,-159619
Nuoro,Campobasso,OK,694235,20108,646096,179759,48139,-159651
Nuoro,Carbonia,OK,211490,9622,211492,9622,-2,0
Nuoro,Caserta,OK,663689,17102,615551,176698,48138,-159596
Nuoro,Catania,OK,1261505,45709,1213945,205328,47560,-159619
Nuoro,Catanzaro,OK,1077417,33482,1029856,193100,47561,-159618
Nuoro,Chieti,OK,678187,17497,626671,177104,51516,-159607
Nuoro,Como,OK,1014801,29228,966586,189304,48215,-160076
Nuoro,Cosenza,OK,984428,29766,936866,189385,47562,-159619
Nuoro,Cremona,OK,930846,26679,882632,186753,48214,-160074
Nuoro,Crotone,OK,1062920,34724,1015358,194342,47562,-159618
Nuoro,Cuneo,OK,1036408,32113,988277,191709,48131,-159596
Nuoro,Enna,OK,1345424,49205,1297861,208824,47563,-159619
Nuoro,Fermo,OK,735559,19455,687452,179052,48107,-159597
Nuoro,Ferrara,OK,811029,23133,762814,183108,48215,-159975
Nuoro,Firenze,OK,661884,18056,614073,177652,47811,-159596
Nuoro,Foggia,OK,859321,23151,811204,182748,48117,-159597
Nuoro,Forlì,OK,739042,22705,690903,182301,48139,-159596
Nuoro,Frosinone,OK,554496,13863,506358,173458,48138,-159595
Nuoro,Genova,OK,896298,26515,848160,186108,48138,-159593
Nuoro,Gorizia,OK,1043703,30652,995504,190965,48199,-160313
Nuoro,Grosseto,OK,504506,14147,456368,173743,48138,-159596
Nuoro,Iglesias,OK,184445,8616,184521,8620,-76,-4
Nuoro,Imperia,OK,1012915,31096,964777,190691,48138,-159595
Nuoro,Isernia,OK,645152,17411,597013,177062,48139,-159651
Nuoro,L'Aquila,OK,595281,14744,547141,174339,48140,-159595
Nuoro,La Spezia,OK,809927,22980,761789,182576,48138,-159596
Nuoro,Lanusei,OK,68635,3826,68635,3826,0,0
Nuoro,Latina,OK,526018,13577,477880,173173,48138,-159596
Nuoro,Lecce,OK,1041615,32137,994246,191783,47369,-159646
Nuoro,Lecco,OK,1014382,29455,966168,189531,48214,-160076
Nuoro,Livorno,OK,640406,20147,592267,179742,48139,-159595
Nuoro,Lodi,OK,938259,26665,890044,186739,48215,-160074
Nuoro,Macerata,OK,649705,20618,601569,180204,48136,-159586
Nuoro,Mantova,OK,860938,24463,812724,184536,48214,-160073
Nuoro,Massa,OK,781898,21908,733764,181504,48134,-159596
Nuoro,Matera,OK,888653,28477,841263,188137,47390,-159660
Nuoro,Messina,OK,1165915,41570,1118356,201188,47559,-159618
Nuoro,Milano,OK,962618,27459,914402,187535,48216,-160076
Nuoro,Modena,OK,794703,22886,746494,182960,48209,-160074
Nuoro,Monza,OK,974806,27858,926591,187934,48215,-160076
Nuoro,Napoli,OK,689486,17834,641348,177429,48138,-159595
Nuoro,Novara,OK,1016172,29969,967948,190046,48224,-160077
Nuoro,Olbia,OK,102764,4535,102767,4534,-3,1
Nuoro,Oristano,OK,90020,4086,90020,4086,0,0
Nuoro,Padova,OK,881961,25190,833745,185165,48216,-159975
Nuoro,Palermo,OK,1012965,48556,1342778,210295,-329813,-161739
Nuoro,Parma,OK,847345,24565,799131,184638,48214,-160073
Nuoro,Pavia,OK,951492,27811,903298,187886,48194,-160075
Nuoro,Perugia,OK,576152,16187,528013,175782,48139,-159595
Nuoro,Pesaro,OK,700845,22627,652701,182223,48144,-159596
Nuoro,Piacenza,OK,901819,25593,853605,185663,48214,-160070
Nuoro,Pisa,OK,654274,21063,606136,180658,48138,-159595
Nuoro,Pistoia,OK,700737,19154,653053,178785,47684,-159631
Nuoro,Pordenone,OK,990724,28053,942512,188302,48212,-160249
Nuoro,Potenza,OK,843818,24629,795681,184225,48137,-159596
Nuoro,Prato,OK,684139,18771,636001,178367,48138,-159596
Nuoro,Ragusa,OK,1367365,51047,1319621,210666,47744,-159619
Nuoro,Ravenna,OK,753384,23220,705246,182778,48138,-159558
Nuoro,Reggio di Calabria,OK,1168107,36947,1120548,196565,47559,-159618
Nuoro,Rieti,OK,544893,14538,496755,174134,48138,-159596
Nuoro,Rimini,OK,725694,23016,677597,182613,48097,-159597
Nuoro,Roma,OK,466815,11492,418638,171084,48177,-159592
Nuoro,Rovigo,OK,843909,23808,795711,183784,48198,-159976
Nuoro,Salerno,OK,731453,19514,683315,179109,48138,-159595
Nuoro,Sanluri,OK,137169,5612,137169,5612,0,0
Nuoro,Sassari,OK,120126,5942,118578,5888,1548,54
Nuoro,Savona,OK,937535,28116,889405,187712,48130,-159596
Nuoro,Siena,OK,635659,17577,587520,177172,48139,-159595
Nuoro,Siracusa,OK,1326431,48193,1278871,207811,47560,-159618
Nuoro,Sondrio,OK,1093941,33129,1045792,193284,48149,-160155
Nuoro,Taranto,OK,975976,30369,928649,190017,47327,-159648
Nuoro,Tempio Pausania,OK,143869,6740,143869,6740,0,0
Nuoro,Teramo,OK,652925,16344,604818,175941,48107,-159597
Nuoro,Terni,OK,507211,13556,459073,173152,48138,-159596
Nuoro,Torino,OK,1081652,32439,1033438,192513,48214,-160074
Nuoro,Tortolì,OK,92280,4625,92306,4626,-26,-1
Nuoro,Trani,OK,851659,25185,804292,184831,47367,-159646
Nuoro,Trapani,OK,1113014,52501,1445732,214481,-332718,-161980
Nuoro,Trento,OK,975249,27764,927035,187838,48214,-160074
Nuoro,Treviso,OK,933141,26650,884929,186625,48212,-159975
Nuoro,Trieste,OK,1073029,31061,1024788,191405,48241,-160344
Nuoro,Udine,OK,1032943,29944,985054,190359,47889,-160415
Nuoro,Urbino,OK,666016,21457,617872,181065,48144,-159608
Nuoro,Varese,OK,1022848,29533,974633,189609,48215,-160076
Nuoro,Venezia,OK,918264,26118,869523,186047,48741,-159929
Nuoro,Verbania,OK,1067196,31553,1018986,191629,48210,-160076
Nuoro,Vercelli,OK,1047228,30972,999009,191048,48219,-160076
Nuoro,Verona,OK,893267,25483,845059,185522,48208,-160039
Nuoro,Vibo Valentia,OK,1079021,34050,1031460,193669,47561,-159619
Nuoro,Vicenza,OK,914249,26142,866035,186119,48214,-159977
Nuoro,Villacidro,OK,154327,6880,154083,6881,244,-1
Nuoro,Viterbo,OK,452544,11391,404406,170987,48138,-159596
Olbia,Agrigento,OK,1489868,56271,1272191,208583,217677,-152312
Olbia,Alessandria,OK,1067599,32284,848972,185073,218627,-152789
Olbia,Ancona,OK,857093,24520,638872,176811,218221,-152291
Olbia,Andria,OK,910026,27775,692545,180114,217481,-152339
Olbia,Aosta,OK,1215852,37921,997493,190692,218359,-152771
Olbia,Arezzo,OK,674671,19488,456421,171777,218250,-152289
Olbia,Ascoli Piceno,OK,755670,21397,537450,173688,218220,-152291
Olbia,Asti,OK,1103266,33512,884958,186280,218308,-152768
Olbia,Avellino,OK,783798,21971,565558,174320,218240,-152349
Olbia,Bari,OK,960645,29829,743164,182168,217481,-152339
Olbia,Barletta,OK,909280,27849,691796,180188,217484,-152339
Olbia,Belluno,OK,1077876,31877,859551,184547,218325,-152670
Olbia,Benevento,OK,766442,21853,548191,174143,218251,-152290
Olbia,Bergamo,OK,1058598,31994,857325,184823,201273,-152829
Olbia,Biella,OK,1133362,34801,915006,187569,218356,-152768
Olbia,Bologna,OK,834809,24783,616483,177452,218326,-152669
Olbia,Bolzano - Bozen,OK,1099907,33035,881580,185803,218327,-152768
Olbia,Brescia,OK,1014329,30220,796002,183203,218327,-152983
Olbia,Brindisi,OK,1074852,33809,857371,186148,217481,-152339
Olbia,Cagliari,OK,273706,11531,273805,11520,-99,11
Olbia,Caltanissetta,OK,1439399,53133,1221723,205446,217676,-152313
Olbia,Campobasso,OK,762846,23181,544594,175526,218252,-152345
Olbia,Carbonia,OK,304000,13487,304101,13475,-101,12
Olbia,Caserta,OK,732300,20175,514049,172465,218251,-152290
Olbia,Catania,OK,1330116,48782,1112444,201095,217672,-152313
Olbia,Catanzaro,OK,1146028,36555,928354,188867,217674,-152312
Olbia,Chieti,OK,746798,20570,525170,172870,221628,-152300
Olbia,Como,OK,1083413,32301,865084,185071,218329,-152770
Olbia,Cosenza,OK,1053040,32839,835365,185151,217675,-152312
Olbia,Cremona,OK,999457,29752,781130,182520,218327,-152768
Olbia,Crotone,OK,1131532,37797,913857,190109,217675,-152312
Olbia,Cuneo,OK,1105019,35186,886775,187476,218244,-152290
Olbia,Enna,OK,1414035,52278,1196360,204590,217675,-152312
Olbia,Fermo,OK,804171,22528,585950,174819,218221,-152291
Olbia,Ferrara,OK,879640,26206,661313,178875,218327,-152669
Olbia,Firenze,OK,730496,21129,512571,173418,217925,-152289
Olbia,Foggia,OK,927932,26224,709702,178515,218230,-152291
Olbia,Forlì,OK,807653,25778,589401,178067,218252,-152289
Olbia,Frosinone,OK,623107,16936,404856,169225,218251,-152289
Olbia,Genova,OK,964910,29587,746658,181875,218252,-152288
Olbia,Gorizia,OK,1112314,33725,894002,186731,218312,-153006
Olbia,Grosseto,OK,573118,17220,354866,169509,218252,-152289
Olbia,Iglesias,OK,276955,12480,277130,12473,-175,7
Olbia,Imperia,OK,1081526,34169,863275,186458,218251,-152289
Olbia,Isernia,OK,713763,20484,495511,172829,218252,-152345
Olbia,L'Aquila,OK,663893,17817,445639,170106,218254,-152289
Olbia,La Spezia,OK,878538,26053,660287,178343,218251,-152290
Olbia,Lanusei,OK,162963,7769,163062,7757,-99,12
Olbia,Latina,OK,594629,16650,376378,168939,218251,-152289
Olbia,Lecce,OK,1110226,35210,892745,187549,217481,-152339
Olbia,Lecco,OK,1082994,32528,864666,185298,218328,-152770
Olbia,Livorno,OK,709017,23220,490766,175509,218251,-152289
Olbia,Lodi,OK,1006870,29738,788542,182505,218328,-152767
Olbia,Macerata,OK,718317,23691,500067,175970,218250,-152279
Olbia,Mantova,OK,929549,27536,711222,180303,218327,-152767
Olbia,Massa,OK,850510,24981,632262,177270,218248,-152289
Olbia,Matera,OK,957264,31550,739761,183903,217503,-152353
Olbia,Messina,OK,1234526,44642,1016854,196955,217672,-152313
Olbia,Milano,OK,1031229,30532,812901,183302,218328,-152770
Olbia,Modena,OK,863314,25959,644992,178726,218322,-152767
Olbia,Monza,OK,1043418,30931,825090,183700,218328,-152769
Olbia,Napoli,OK,758098,20907,539847,173196,218251,-152289
Olbia,Novara,OK,1084783,33042,866446,185812,218337,-152770
Olbia,Nuoro,OK,103200,4550,103299,4539,-99,11
Olbia,Oristano,OK,182529,7951,182628,7939,-99,12
Olbia,Padova,OK,950572,28263,732243,180932,218329,-152669
Olbia,Palermo,OK,1081576,51629,1241276,206061,-159700,-154432
Olbia,Parma,OK,915957,27638,697629,180405,218328,-152767
Olbia,Pavia,OK,1020103,30884,801796,183653,218307,-152769
Olbia,Perugia,OK,644764,19260,426512,171549,218252,-152289
Olbia,Pesaro,OK,769456,25700,551199,177990,218257,-152290
Olbia,Piacenza,OK,970431,28666,752103,181430,218328,-152764
Olbia,Pisa,OK,722885,24136,504634,176425,218251,-152289
Olbia,Pistoia,OK,769349,22226,551551,174552,217798,-152326
Olbia,Pordenone,OK,1059335,31126,841010,184069,218325,-152943
Olbia,Potenza,OK,912430,27702,694180,179992,218250,-152290
Olbia,Prato,OK,752751,21844,534499,174134,218252,-152290
Olbia,Ragusa,OK,1435976,54120,1218119,206432,217857,-152312
Olbia,Ravenna,OK,821996,26293,603744,178544,218252,-152251
Olbia,Reggio di Calabria,OK,1236718,40020,1019046,192332,217672,-152312
Olbia,Rieti,OK,613505,17611,395253,169900,218252,-152289
Olbia,Rimini,OK,794306,26089,576095,178379,218211,-152290
Olbia,Roma,OK,535426,14565,317136,166851,218290,-152286
Olbia,Rovigo,OK,912521,26881,694209,179551,218312,-152670
Olbia,Salerno,OK,800064,22587,581813,174876,218251,-152289
Olbia,Sanluri,OK,229678,9476,229777,9465,-99,11
Olbia,Sassari,OK,103046,5706,100603,5650,2443,56
Olbia,Savona,OK,1006147,31189,787903,183479,218244,-152290
Olbia,Siena,OK,704270,20650,486019,172939,218251,-152289
Olbia,Siracusa,OK,1395042,51266,1177370,203578,217672,-152312
Olbia,Sondrio,OK,1162552,36202,944290,189051,218262,-152849
Olbia,Taranto,OK,1044587,33442,827147,185784,217440,-152342
Olbia,Tempio Pausania,OK,43700,2478,43700,2478,0,0
Olbia,Teramo,OK,721536,19417,503316,171708,218220,-152291
Olbia,Terni,OK,575822,16629,357572,168919,218250,-152290
Olbia,Torino,OK,1150264,35512,931936,188279,218328,-152767
Olbia,Tortolì,OK,160891,7698,160969,7684,-78,14
Olbia,Trani,OK,920271,28258,702790,180597,217481,-152339
Olbia,Trapani,OK,1181625,55574,1344230,210248,-162605,-154674
Olbia,Trento,OK,1043860,30837,825533,183604,218327,-152767
Olbia,Treviso,OK,1001752,29723,783428,182392,218324,-152669
Olbia,Trieste,OK,1141641,34134,923286,187172,218355,-153038
Olbia,Udine,OK,1101555,33016,883552,186126,218003,-153110
Olbia,Urbino,OK,734627,24530,516370,176832,218257,-152302
Olbia,Varese,OK,1091459,32606,873131,185376,218328,-152770
Olbia,Venezia,OK,986875,29191,768022,181814,218853,-152623
Olbia,Verbania,OK,1135808,34626,917485,187396,218323,-152770
Olbia,Vercelli,OK,1115839,34045,897507,186814,218332,-152769
Olbia,Verona,OK,961878,28556,743558,181289,218320,-152733
Olbia,Vibo Valentia,OK,1147633,37123,929958,189436,217675,-152313
Olbia,Vicenza,OK,982861,29215,764533,181885,218328,-152670
Olbia,Villacidro,OK,246837,10744,246691,10734,146,10
Olbia,Viterbo,OK,521156,14464,302904,166754,218252,-152290
Oristano,Agrigento,OK,637998,54411,1452499,216196,-814501,-161785
Oristano,Alessandria,OK,1080154,32629,1029279,192686,50875,-160057
Oristano,Ancona,OK,869648,24865,819180,184423,50468,-159558
Oristano,Andria,OK,922581,28121,872852,187727,49729,-159606
Oristano,Aosta,OK,1228407,38267,1177800,198305,50607,-160038
Oristano,Arezzo,OK,687227,19833,636728,179390,50499,-159557
Oristano,Ascoli Piceno,OK,768225,21743,717757,181301,50468,-159558
Oristano,Asti,OK,1115822,33857,1065265,193893,50557,-160036
Oristano,Avellino,OK,796353,22316,745865,181932,50488,-159616
Oristano,Bari,OK,973200,30174,923471,189780,49729,-159606
Oristano,Barletta,OK,921835,28195,872103,187801,49732,-159606
Oristano,Belluno,OK,1090432,32223,1039859,192159,50573,-159936
Oristano,Benevento,OK,778997,22199,728498,181755,50499,-159556
Oristano,Bergamo,OK,1071153,32340,1037632,192435,33521,-160095
Oristano,Biella,OK,1145917,35147,1095313,195182,50604,-160035
Oristano,Bologna,OK,847365,25128,796790,185064,50575,-159936
Oristano,Bolzano - Bozen,OK,1112462,33381,1061887,193416,50575,-160035
Oristano,Brescia,OK,1026885,30566,976309,190816,50576,-160250
Oristano,Brindisi,OK,1087408,34155,1037678,193761,49730,-159606
Oristano,Cagliari,OK,93378,3942,93378,3942,0,0
Oristano,Caltanissetta,OK,639963,52855,1402030,213059,-762067,-160204
Oristano,Campobasso,OK,775401,23527,724901,183138,50500,-159611
Oristano,Carbonia,OK,123671,5898,123673,5898,-2,0
Oristano,Caserta,OK,744855,20521,694356,180078,50499,-159557
Oristano,Catania,OK,1342671,49128,1292751,208707,49920,-159579
Oristano,Catanzaro,OK,1158583,36901,1108661,196480,49922,-159579
Oristano,Chieti,OK,759353,20916,705477,180483,53876,-159567
Oristano,Como,OK,1095968,32647,1045392,192683,50576,-160036
Oristano,Cosenza,OK,1065595,33185,1015672,192764,49923,-159579
Oristano,Cremona,OK,1012012,30098,961437,190132,50575,-160034
Oristano,Crotone,OK,1144087,38142,1094164,197722,49923,-159580
Oristano,Cuneo,OK,1117574,35532,1067082,195088,50492,-159556
Oristano,Enna,OK,1426590,52624,1376667,212203,49923,-159579
Oristano,Fermo,OK,816726,22874,766257,182432,50469,-159558
Oristano,Ferrara,OK,892195,26551,841620,186488,50575,-159937
Oristano,Firenze,OK,743051,21475,692878,181031,50173,-159556
Oristano,Foggia,OK,940487,26570,890010,186127,50477,-159557
Oristano,Forlì,OK,820208,26124,769709,185680,50499,-159556
Oristano,Frosinone,OK,635663,17281,585164,176837,50499,-159556
Oristano,Genova,OK,977465,29933,926966,189487,50499,-159554
Oristano,Gorizia,OK,1124869,34071,1074310,194344,50559,-160273
Oristano,Grosseto,OK,585673,17566,535174,177122,50499,-159556
Oristano,Iglesias,OK,96626,4891,96702,4896,-76,-5
Oristano,Imperia,OK,1094081,34514,1043582,194071,50499,-159557
Oristano,Isernia,OK,726318,20830,675818,180441,50500,-159611
Oristano,L'Aquila,OK,676448,18163,625947,177719,50501,-159556
Oristano,La Spezia,OK,891093,26399,840594,185955,50499,-159556
Oristano,Lanusei,OK,149801,7244,148657,7253,1144,-9
Oristano,Latina,OK,607185,16996,556685,176552,50500,-159556
Oristano,Lecce,OK,1122781,35556,1073052,195162,49729,-159606
Oristano,Lecco,OK,1095549,32874,1044973,192911,50576,-160037
Oristano,Livorno,OK,721572,23565,671073,183122,50499,-159557
Oristano,Lodi,OK,1019425,30084,968849,190118,50576,-160034
Oristano,Macerata,OK,730872,24037,680374,183583,50498,-159546
Oristano,Mantova,OK,942105,27881,891529,187916,50576,-160035
Oristano,Massa,OK,863065,25326,812569,184883,50496,-159557
Oristano,Matera,OK,969820,31896,920068,191516,49752,-159620
Oristano,Messina,OK,1247082,44988,1197162,204568,49920,-159580
Oristano,Milano,OK,1043785,30878,993208,190915,50577,-160037
Oristano,Modena,OK,875869,26304,825299,186339,50570,-160035
Oristano,Monza,OK,1055973,31276,1005397,191313,50576,-160037
Oristano,Napoli,OK,770653,21253,720154,180809,50499,-159556
Oristano,Novara,OK,1097339,33388,1046754,193425,50585,-160037
Oristano,Nuoro,OK,90060,4029,88916,4037,1144,-8
Oristano,Olbia,OK,182714,7906,181572,7914,1142,-8
Oristano,Padova,OK,963127,28608,912550,188545,50577,-159937
Oristano,Palermo,OK,514892,47564,1421584,213674,-906692,-166110
Oristano,Parma,OK,928512,27984,877937,188018,50575,-160034
Oristano,Pavia,OK,1032658,31230,982103,191265,50555,-160035
Oristano,Perugia,OK,657319,19605,606819,179162,50500,-159557
Oristano,Pesaro,OK,782011,26046,731506,185602,50505,-159556
Oristano,Piacenza,OK,982986,29012,932411,189043,50575,-160031
Oristano,Pisa,OK,735441,24481,684942,184038,50499,-159557
Oristano,Pistoia,OK,781904,22572,731858,182165,50046,-159593
Oristano,Pordenone,OK,1071890,31471,1021317,191682,50573,-160211
Oristano,Potenza,OK,924985,28048,874487,187604,50498,-159556
Oristano,Prato,OK,765306,22190,714807,181746,50499,-159556
Oristano,Ragusa,OK,1448532,54466,1398426,214045,50106,-159579
Oristano,Ravenna,OK,834551,26639,784052,186157,50499,-159518
Oristano,Reggio di Calabria,OK,1249273,40365,1199353,199945,49920,-159580
Oristano,Rieti,OK,626060,17957,575561,177513,50499,-159556
Oristano,Rimini,OK,806861,26435,756403,185992,50458,-159557
Oristano,Roma,OK,547981,14911,497443,174464,50538,-159553
Oristano,Rovigo,OK,925076,27227,874517,187164,50559,-159937
Oristano,Salerno,OK,812619,22933,762121,182489,50498,-159556
Oristano,Sanluri,OK,49350,1887,49350,1887,0,0
Oristano,Sassari,OK,124561,5478,121869,5432,2692,46
Oristano,Savona,OK,1018702,31535,968211,191092,50491,-159557
Oristano,Siena,OK,716825,20995,666326,180552,50499,-159557
Oristano,Siracusa,OK,1407597,51611,1357677,211191,49920,-159580
Oristano,Sondrio,OK,1175107,36548,1124598,196664,50509,-160116
Oristano,Taranto,OK,1057143,33788,1007455,193397,49688,-159609
Oristano,Tempio Pausania,OK,159229,7542,158093,7550,1136,-8
Oristano,Teramo,OK,734092,19763,683623,179321,50469,-159558
Oristano,Terni,OK,588377,16975,537879,176531,50498,-159556
Oristano,Torino,OK,1162819,35858,1112244,195892,50575,-160034
Oristano,Tortolì,OK,173446,8043,172328,8053,1118,-10
Oristano,Trani,OK,932826,28604,883097,188210,49729,-159606
Oristano,Trapani,OK,614942,51509,1524538,217861,-909596,-166352
Oristano,Trento,OK,1056416,31183,1005840,191217,50576,-160034
Oristano,Treviso,OK,1014307,30069,963735,190005,50572,-159936
Oristano,Trieste,OK,1154196,34480,1103594,194784,50602,-160304
Oristano,Udine,OK,1114110,33362,1063860,193739,50250,-160377
Oristano,Urbino,OK,747183,24876,696678,184445,50505,-159569
Oristano,Varese,OK,1104014,32952,1053438,192988,50576,-160036
Oristano,Venezia,OK,999430,29537,948329,189427,51101,-159890
Oristano,Verbania,OK,1148363,34972,1097792,195009,50571,-160037
Oristano,Vercelli,OK,1128394,34391,1077814,194427,50580,-160036
Oristano,Verona,OK,974433,28901,923865,188901,50568,-160000
Oristano,Vibo Valentia,OK,1160188,37469,1110266,197048,49922,-159579
Oristano,Vicenza,OK,995416,29560,944841,189498,50575,-159938
Oristano,Villacidro,OK,66509,3155,66264,3156,245,-1
Oristano,Viterbo,OK,533711,14810,483212,174366,50499,-159556
Padova,Agrigento,OK,1425160,57767,1425682,57788,-522,-21
Padova,Alessandria,OK,315230,10934,314930,11285,300,-351
Padova,Ancona,OK,327983,13218,327989,13232,-6,-14
Padova,Andria,OK,730131,25692,730107,25705,24,-13
Padova,Aosta,OK,411184,15048,411154,15314,30,-266
Padova,Arezzo,OK,297938,10187,297886,10184,52,3
Padova,Ascoli Piceno,OK,440489,15927,440465,15940,24,-13
Padova,Asti,OK,350897,12162,350916,12492,-19,-330
Padova,Avellino,OK,719090,23467,719048,23524,42,-57
Padova,Bari,OK,780750,27745,780727,27759,23,-14
Padova,Barletta,OK,729385,25766,729359,25779,26,-13
Padova,Belluno,OK,130825,4510,130827,4509,-2,1
Padova,Benevento,OK,701734,23350,701681,23347,53,3
Padova,Bergamo,OK,192273,6553,192273,6819,0,-266
Padova,Biella,OK,328694,11927,328667,12191,27,-264
Padova,Bologna,OK,119503,3915,119502,3914,1,1
Padova,Bolzano - Bozen,OK,233729,7720,233729,7689,0,31
Padova,Brescia,OK,148004,4779,148004,5044,0,-265
Padova,Brindisi,OK,894958,31726,894933,31739,25,-13
Padova,Cagliari,OK,935018,28400,1008583,192345,-73565,-163945
Padova,Caltanissetta,OK,1374691,54630,1375213,54651,-522,-21
Padova,Campobasso,OK,644865,23479,644840,23492,25,-13
Padova,Carbonia,OK,1001412,31170,1038879,194300,-37467,-163130
Padova,Caserta,OK,667592,21672,667539,21670,53,2
Padova,Catania,OK,1265408,50279,1265934,50299,-526,-20
Padova,Catanzaro,OK,1081320,38051,1081844,38072,-524,-21
Padova,Chieti,OK,489464,17475,489178,17477,286,-2
Padova,Como,OK,276121,9329,276121,9595,0,-266
Padova,Cosenza,OK,988332,34335,988855,34356,-523,-21
Padova,Cremona,OK,188815,6219,188815,6549,0,-330
Padova,Crotone,OK,1066824,39293,1067347,39313,-523,-20
Padova,Cuneo,OK,442920,16742,442928,17073,-8,-331
Padova,Enna,OK,1349328,53774,1349850,53795,-522,-21
Padova,Fermo,OK,385776,14241,385752,14254,24,-13
Padova,Ferrara,OK,88779,3144,88779,3144,0,0
Padova,Firenze,OK,227061,8261,227007,8259,54,2
Padova,Foggia,OK,660312,22819,660288,22832,24,-13
Padova,Forlì,OK,184656,7010,184647,7009,9,1
Padova,Frosinone,OK,558400,18432,558347,18429,53,3
Padova,Genova,OK,369045,12675,369045,13002,0,-327
Padova,Gorizia,OK,165262,6357,165278,6694,-16,-337
Padova,Grosseto,OK,360321,14154,360768,14149,-447,5
Padova,Iglesias,OK,978720,30128,1011908,193298,-33188,-163170
Padova,Imperia,OK,467512,16805,467513,17134,-1,-329
Padova,Isernia,OK,649055,21980,649001,22033,54,-53
Padova,L'Aquila,OK,512571,18021,512500,18033,71,-12
Padova,La Spezia,OK,325801,11258,335930,11235,-10129,23
Padova,Lanusei,OK,813265,22042,897840,188582,-84575,-166540
Padova,Latina,OK,560989,19313,560936,19292,53,21
Padova,Lecce,OK,930331,33127,930307,33140,24,-13
Padova,Lecco,OK,224958,8390,224959,8656,-1,-266
Padova,Livorno,OK,300235,11166,300182,11163,53,3
Padova,Lodi,OK,214877,8512,214878,8779,-1,-267
Padova,Macerata,OK,388399,14121,388378,14135,21,-14
Padova,Mantova,OK,120172,3819,120172,3768,0,51
Padova,Massa,OK,316334,10877,316284,10875,50,2
Padova,Matera,OK,805302,29831,805285,29854,17,-23
Padova,Messina,OK,1169819,46139,1170345,46159,-526,-20
Padova,Milano,OK,235732,8199,235731,8465,1,-266
Padova,Modena,OK,158009,5612,158014,5612,-5,0
Padova,Monza,OK,227814,7678,227814,7944,0,-266
Padova,Napoli,OK,693390,22403,693337,22401,53,2
Padova,Novara,OK,280116,10169,280107,10435,9,-266
Padova,Nuoro,OK,885932,25718,838077,185364,47855,-159646
Padova,Olbia,OK,953988,28754,736285,181093,217703,-152339
Padova,Oristano,OK,967019,29215,917407,188764,49612,-159549
Padova,Palermo,OK,1016869,53126,1394767,55266,-377898,-2140
Padova,Parma,OK,210652,7292,220781,7269,-10129,23
Padova,Pavia,OK,282095,9624,282095,9953,0,-329
Padova,Perugia,OK,374460,12752,374407,12749,53,3
Padova,Pesaro,OK,263543,9516,263543,9530,0,-14
Padova,Piacenza,OK,222154,7524,222154,7851,0,-327
Padova,Pisa,OK,291918,10287,291865,10276,53,11
Padova,Pistoia,OK,235173,8123,235573,8157,-400,-34
Padova,Pordenone,OK,112283,3758,112286,4032,-3,-274
Padova,Potenza,OK,767293,28370,767269,28384,24,-14
Padova,Prato,OK,218575,7741,218522,7738,53,3
Padova,Ragusa,OK,1371269,55616,1371610,55637,-341,-21
Padova,Ravenna,OK,191007,6801,191005,6801,2,0
Padova,Reggio di Calabria,OK,1172011,41516,1172536,41537,-525,-21
Padova,Rieti,OK,484750,16471,484694,16468,56,3
Padova,Rimini,OK,230933,8133,230932,8147,1,-14
Padova,Roma,OK,495459,16742,495406,16740,53,2
Padova,Rovigo,OK,45955,1831,45954,1833,1,-2
Padova,Salerno,OK,735356,24083,735304,24081,52,2
Padova,Sanluri,OK,930679,27763,964556,190290,-33877,-162527
Padova,Sassari,OK,997125,31071,835129,186458,161996,-155387
Padova,Savona,OK,392133,13825,392141,14155,-8,-330
Padova,Siena,OK,286811,10629,286757,10626,54,3
Padova,Siracusa,OK,1330334,52762,1330860,52783,-526,-21
Padova,Sondrio,OK,284892,11968,284973,12301,-81,-333
Padova,Taranto,OK,864693,31359,864710,31375,-17,-16
Padova,Tempio Pausania,OK,995092,30960,778446,183307,216646,-152347
Padova,Teramo,OK,454761,16236,454735,16243,26,-7
Padova,Terni,OK,449000,14456,448947,14453,53,3
Padova,Torino,OK,367970,13411,367970,13676,0,-265
Padova,Tortolì,OK,795219,21200,895748,188509,-100529,-167309
Padova,Trani,OK,740376,26175,740352,26188,24,-13
Padova,Trapani,OK,1116918,57070,1497721,59453,-380803,-2383
Padova,Trento,OK,177682,5522,177682,5491,0,31
Padova,Treviso,OK,54701,2355,54703,2355,-2,0
Padova,Trieste,OK,194589,6766,194562,7135,27,-369
Padova,Udine,OK,154503,5649,154828,6089,-325,-440
Padova,Urbino,OK,287099,11005,287099,11020,0,-15
Padova,Varese,OK,284167,9634,284168,9900,-1,-266
Padova,Venezia,OK,39823,1823,39298,1777,525,46
Padova,Verbania,OK,328516,11655,328522,11920,-6,-265
Padova,Vercelli,OK,311171,11171,311168,11437,3,-266
Padova,Verona,OK,81160,2834,81160,2804,0,30
Padova,Vibo Valentia,OK,1082925,38620,1083449,38640,-524,-20
Padova,Vicenza,OK,34416,1511,34416,1513,0,-2
Padova,Villacidro,OK,958495,29138,981470,191559,-22975,-162421
Padova,Viterbo,OK,436813,14457,436768,14455,45,2
Palermo,Agrigento,OK,129852,7285,129852,7285,0,0
Palermo,Alessandria,OK,1131446,56908,1511401,59866,-379955,-2958
Palermo,Ancona,OK,746622,45906,1077941,48213,-331319,-2307
Palermo,Andria,OK,718082,35330,718017,35329,65,1
Palermo,Aosta,OK,1279699,62546,1659922,65485,-380223,-2939
Palermo,Arezzo,OK,738519,44112,1118850,46570,-380331,-2458
Palermo,Ascoli Piceno,OK,645199,42783,1025531,45238,-380332,-2455
Palermo,Asti,OK,1167114,58136,1547387,61073,-380273,-2937
Palermo,Avellino,OK,698637,33001,698708,33006,-71,-5
Palermo,Bari,OK,673242,33500,673177,33499,65,1
Palermo,Barletta,OK,723567,35461,723502,35461,65,0
Palermo,Belluno,OK,1141724,56502,1521981,59339,-380257,-2837
Palermo,Benevento,OK,394451,34327,734499,34431,-340048,-104
Palermo,Bergamo,OK,1122445,56619,1519754,59615,-397309,-2996
Palermo,Biella,OK,1197209,59425,1577435,62362,-380226,-2937
Palermo,Bologna,OK,898657,49407,1278912,52245,-380255,-2838
Palermo,Bolzano - Bozen,OK,1163755,57660,1544009,60596,-380254,-2936
Palermo,Brescia,OK,1078177,54844,1458431,57996,-380254,-3152
Palermo,Brindisi,OK,673197,33552,673197,33569,0,-17
Palermo,Cagliari,OK,424119,43813,1521229,218103,-1097110,-174290
Palermo,Caltanissetta,OK,131653,5687,131653,5687,0,0
Palermo,Campobasso,OK,454165,37626,798169,37970,-344004,-344
Palermo,Carbonia,OK,502208,47461,1551524,220059,-1049316,-172598
Palermo,Caserta,OK,357624,32201,737955,34658,-380331,-2457
Palermo,Catania,OK,210358,8754,210359,8754,-1,0
Palermo,Catanzaro,OK,384974,20531,384975,20534,-1,-3
Palermo,Chieti,OK,601519,41027,931642,43356,-330123,-2329
Palermo,Como,OK,1147260,56925,1527513,59864,-380253,-2939
Palermo,Cosenza,OK,413225,21661,413225,21664,0,-3
Palermo,Cremona,OK,1063305,54377,1443559,57313,-380254,-2936
Palermo,Crotone,OK,451790,24244,451790,24247,0,-3
Palermo,Cuneo,OK,1168866,59810,1549204,62269,-380338,-2459
Palermo,Enna,OK,133117,5979,133117,5979,0,0
Palermo,Fermo,OK,693700,43915,1025018,46222,-331318,-2307
Palermo,Ferrara,OK,943488,50830,1323742,53668,-380254,-2838
Palermo,Firenze,OK,794343,45754,1175000,48211,-380657,-2457
Palermo,Foggia,OK,734004,36362,734075,36368,-71,-6
Palermo,Forlì,OK,871500,50403,1251831,52860,-380331,-2457
Palermo,Frosinone,OK,467197,35202,847527,37659,-380330,-2457
Palermo,Genova,OK,1028757,54212,1409087,56668,-380330,-2456
Palermo,Gorizia,OK,1176161,58349,1556432,61524,-380271,-3175
Palermo,Grosseto,OK,723353,45164,1103684,47622,-380331,-2458
Palermo,Iglesias,OK,479516,46420,1524553,219057,-1045037,-172637
Palermo,Imperia,OK,1145373,58793,1525704,61251,-380331,-2458
Palermo,Isernia,OK,430309,35134,810640,37691,-380331,-2557
Palermo,L'Aquila,OK,553421,39203,933721,41656,-380300,-2453
Palermo,La Spezia,OK,942385,50678,1322716,53135,-380331,-2457
Palermo,Lanusei,OK,945534,45341,1410486,214340,-464952,-168999
Palermo,Latina,OK,513872,37821,894203,40282,-380331,-2461
Palermo,Lecce,OK,709350,34988,709350,35004,0,-16
Palermo,Lecco,OK,1146841,57152,1527095,60091,-380254,-2939
Palermo,Livorno,OK,883735,49435,1264065,51892,-380330,-2457
Palermo,Lodi,OK,1070717,54362,1450971,57298,-380254,-2936
Palermo,Macerata,OK,730113,45502,1061435,47810,-331322,-2308
Palermo,Mantova,OK,993397,52160,1373651,55096,-380254,-2936
Palermo,Massa,OK,914357,49605,1294691,52063,-380334,-2458
Palermo,Matera,OK,607782,31241,607759,31258,23,-17
Palermo,Messina,OK,225939,9186,225941,9189,-2,-3
Palermo,Milano,OK,1095077,55157,1475330,58095,-380253,-2938
Palermo,Modena,OK,927161,50583,1307421,53519,-380260,-2936
Palermo,Monza,OK,1107265,55555,1487519,58493,-380254,-2938
Palermo,Napoli,OK,323407,30836,722247,33985,-398840,-3149
Palermo,Novara,OK,1148631,57667,1528875,60605,-380244,-2938
Palermo,Nuoro,OK,1018201,49017,1350722,211122,-332521,-162105
Palermo,Olbia,OK,1086257,52053,1248930,206852,-162673,-154799
Palermo,Oristano,OK,516216,47480,1430052,214523,-913836,-167043
Palermo,Padova,OK,1014420,52887,1394672,55725,-380252,-2838
Palermo,Parma,OK,979804,52262,1360059,55198,-380255,-2936
Palermo,Pavia,OK,1083951,55508,1464225,58446,-380274,-2938
Palermo,Perugia,OK,692552,43626,1072881,46084,-380329,-2458
Palermo,Pesaro,OK,809860,48344,1141167,50650,-331307,-2306
Palermo,Piacenza,OK,1034278,53290,1414532,56223,-380254,-2933
Palermo,Pisa,OK,874855,48962,1255186,51420,-380331,-2458
Palermo,Pistoia,OK,833196,46851,1213980,49345,-380784,-2494
Palermo,Pordenone,OK,1123182,55750,1503439,58862,-380257,-3112
Palermo,Potenza,OK,627856,30862,627928,30868,-72,-6
Palermo,Prato,OK,816598,46469,1196929,48926,-380331,-2457
Palermo,Ragusa,OK,243972,12420,243817,12639,155,-219
Palermo,Ravenna,OK,885843,50917,1266173,53337,-380330,-2420
Palermo,Reggio di Calabria,OK,250370,14858,250372,14861,-2,-3
Palermo,Rieti,OK,613264,40677,993595,43129,-380331,-2452
Palermo,Rimini,OK,840294,49380,1171601,51687,-331307,-2307
Palermo,Roma,OK,543576,38139,923907,40597,-380331,-2458
Palermo,Rovigo,OK,976368,51505,1356638,54344,-380270,-2839
Palermo,Salerno,OK,668224,31746,668296,31751,-72,-5
Palermo,Sanluri,OK,470878,45953,1477201,216048,-1006323,-170095
Palermo,Sassari,OK,636690,52542,1347774,212217,-711084,-159675
Palermo,Savona,OK,1069994,55813,1450332,58272,-380338,-2459
Palermo,Siena,OK,768117,45274,1148448,47732,-380331,-2458
Palermo,Siracusa,OK,260290,10802,260291,10802,-1,0
Palermo,Sondrio,OK,1226399,60827,1606720,63844,-380321,-3017
Palermo,Taranto,OK,609504,30946,609504,30949,0,-3
Palermo,Tempio Pausania,OK,1127361,54259,1291092,209066,-163731,-154807
Palermo,Teramo,OK,611065,40803,991397,43258,-380332,-2455
Palermo,Terni,OK,623610,40995,1003941,43453,-380331,-2458
Palermo,Torino,OK,1214111,60136,1594365,63072,-380254,-2936
Palermo,Tortolì,OK,927488,44499,1408393,214268,-480905,-169769
Palermo,Trani,OK,710397,34956,710332,34955,65,1
Palermo,Trapani,OK,104017,4332,104017,4332,0,0
Palermo,Trento,OK,1107708,55461,1487962,58397,-380254,-2936
Palermo,Treviso,OK,1065600,54347,1445857,57185,-380257,-2838
Palermo,Trieste,OK,1205488,58758,1585716,61965,-380228,-3207
Palermo,Udine,OK,1165402,57641,1545981,60919,-380579,-3278
Palermo,Urbino,OK,782415,48896,1162740,51367,-380325,-2471
Palermo,Varese,OK,1155306,57230,1535560,60168,-380254,-2938
Palermo,Venezia,OK,1050722,53815,1430451,56607,-379729,-2792
Palermo,Verbania,OK,1199655,59251,1579914,62189,-380259,-2938
Palermo,Vercelli,OK,1179687,58669,1559936,61607,-380249,-2938
Palermo,Verona,OK,1025726,53180,1405987,56081,-380261,-2901
Palermo,Vibo Valentia,OK,322370,18244,322371,18247,-1,-3
Palermo,Vicenza,OK,1046708,53839,1426962,56678,-380254,-2839
Palermo,Villacidro,OK,469271,46188,1494115,217317,-1024844,-171129
Palermo,Viterbo,OK,628076,41366,1008406,43823,-380330,-2457
Parma,Agrigento,OK,1389146,56660,1389669,56681,-523,-21
Parma,Alessandria,OK,168794,6405,168494,6427,300,-22
Parma,Ancona,OK,311186,12882,311192,12897,-6,-15
Parma,Andria,OK,713333,25357,713310,25370,23,-13
Parma,Aosta,OK,317047,12043,317015,12046,32,-3
Parma,Arezzo,OK,261924,9079,261873,9077,51,2
Parma,Ascoli Piceno,OK,423691,15591,423668,15605,23,-14
Parma,Asti,OK,204461,7633,204480,7634,-19,-1
Parma,Avellino,OK,683077,22360,683035,22417,42,-57
Parma,Bari,OK,763952,27410,763929,27423,23,-13
Parma,Barletta,OK,712587,25431,712561,25444,26,-13
Parma,Belluno,OK,337351,10361,337353,10360,-2,1
Parma,Benevento,OK,665721,22243,665668,22240,53,3
Parma,Bergamo,OK,176846,6174,176847,6177,-1,-3
Parma,Biella,OK,234557,8922,234528,8923,29,-1
Parma,Bologna,OK,97566,3413,97566,3413,0,0
Parma,Bolzano - Bozen,OK,283216,9180,283216,9181,0,-1
Parma,Brescia,OK,145959,5192,145959,5535,0,-343
Parma,Brindisi,OK,878160,31390,878136,31404,24,-14
Parma,Cagliari,OK,899004,27293,972570,191238,-73566,-163945
Parma,Caltanissetta,OK,1338677,53523,1339200,53544,-523,-21
Parma,Campobasso,OK,628067,23144,628043,23157,24,-13
Parma,Carbonia,OK,965398,30063,1002866,193193,-37468,-163130
Parma,Caserta,OK,631578,20565,631526,20563,52,2
Parma,Catania,OK,1229394,49172,1229921,49192,-527,-20
Parma,Catanzaro,OK,1045307,36944,1045831,36965,-524,-21
Parma,Chieti,OK,472666,17140,472381,17142,285,-2
Parma,Como,OK,184607,6422,184606,6425,1,-3
Parma,Cosenza,OK,952318,33228,952842,33249,-524,-21
Parma,Cremona,OK,54552,3776,55018,3778,-466,-2
Parma,Crotone,OK,1030810,38186,1031334,38206,-524,-20
Parma,Cuneo,OK,296484,12214,296492,12214,-8,0
Parma,Enna,OK,1313314,52667,1313837,52688,-523,-21
Parma,Fermo,OK,368978,13905,368955,13919,23,-14
Parma,Ferrara,OK,139114,4689,139114,4689,0,0
Parma,Firenze,OK,191047,7154,190994,7152,53,2
Parma,Foggia,OK,643514,22483,643491,22497,23,-14
Parma,Forlì,OK,167858,6674,167850,6674,8,0
Parma,Frosinone,OK,522386,17325,522333,17322,53,3
Parma,Genova,OK,222609,8146,222609,8144,0,2
Parma,Gorizia,OK,371788,12208,371804,12545,-16,-337
Parma,Grosseto,OK,324307,13047,324755,13042,-448,5
Parma,Iglesias,OK,942706,29021,975895,192191,-33189,-163170
Parma,Imperia,OK,321076,12276,321077,12276,-1,0
Parma,Isernia,OK,613042,20873,612988,20926,54,-53
Parma,L'Aquila,OK,548961,17679,548907,17677,54,2
Parma,La Spezia,OK,120722,5224,120722,5224,0,0
Parma,Lanusei,OK,777251,20935,861827,187475,-84576,-166540
Parma,Latina,OK,524975,18206,524922,18185,53,21
Parma,Lecce,OK,913534,32792,913510,32805,24,-13
Parma,Lecco,OK,184189,6649,184188,6652,1,-3
Parma,Livorno,OK,196567,8376,196567,8376,0,0
Parma,Lodi,OK,108065,3859,108064,3859,1,0
Parma,Macerata,OK,371601,13786,371581,13800,20,-14
Parma,Mantova,OK,112859,3681,112859,3681,0,0
Parma,Massa,OK,137807,5970,137810,5971,-3,-1
Parma,Matera,OK,788504,29496,788487,29519,17,-23
Parma,Messina,OK,1133805,45032,1134331,45052,-526,-20
Parma,Milano,OK,132424,4654,132423,4656,1,-2
Parma,Modena,OK,62151,2334,62151,2334,0,0
Parma,Monza,OK,144612,5052,144612,5054,0,-2
Parma,Napoli,OK,657376,21296,657324,21294,52,2
Parma,Novara,OK,185978,7164,185968,7166,10,-2
Parma,Nuoro,OK,849918,24610,802064,184257,47854,-159647
Parma,Olbia,OK,917974,27647,700271,179986,217703,-152339
Parma,Oristano,OK,931005,28108,881393,187657,49612,-159549
Parma,Padova,OK,210046,6746,210044,6746,2,0
Parma,Palermo,OK,980855,52018,1358753,54159,-377898,-2141
Parma,Pavia,OK,121298,5005,121318,5007,-20,-2
Parma,Perugia,OK,338447,11645,338394,11642,53,3
Parma,Pesaro,OK,246746,9181,246746,9195,0,-14
Parma,Piacenza,OK,71625,2787,71625,2784,0,3
Parma,Pisa,OK,179341,7768,179341,7768,0,0
Parma,Pistoia,OK,199159,7016,199560,7050,-401,-34
Parma,Pordenone,OK,318809,9609,318812,9883,-3,-274
Parma,Potenza,OK,750495,28035,750472,28048,23,-13
Parma,Prato,OK,182561,6633,182508,6631,53,2
Parma,Ragusa,OK,1335255,54509,1335596,54530,-341,-21
Parma,Ravenna,OK,174209,6466,174208,6465,1,1
Parma,Reggio di Calabria,OK,1135997,40409,1136523,40430,-526,-21
Parma,Rieti,OK,448736,15363,448680,15361,56,2
Parma,Rimini,OK,214135,7798,214135,7812,0,-14
Parma,Roma,OK,459445,15635,459393,15633,52,2
Parma,Rovigo,OK,171995,5364,172011,5365,-16,-1
Parma,Salerno,OK,699343,22976,699291,22974,52,2
Parma,Sanluri,OK,894666,26655,928542,189183,-33876,-162528
Parma,Sassari,OK,961111,29964,799116,185351,161995,-155387
Parma,Savona,OK,245697,9296,245705,9297,-8,-1
Parma,Siena,OK,250797,9522,250744,9519,53,3
Parma,Siracusa,OK,1294320,51655,1294847,51676,-527,-21
Parma,Sondrio,OK,263747,10324,263813,10405,-66,-81
Parma,Taranto,OK,847895,31023,847912,31040,-17,-17
Parma,Tempio Pausania,OK,959079,29852,742433,182200,216646,-152348
Parma,Teramo,OK,437964,15901,437937,15908,27,-7
Parma,Terni,OK,412986,13348,412934,13346,52,2
Parma,Torino,OK,251459,9633,251459,9633,0,0
Parma,Tortolì,OK,759205,20092,859734,187402,-100529,-167310
Parma,Trani,OK,723578,25840,723555,25853,23,-13
Parma,Trapani,OK,1080904,55963,1461707,58346,-380803,-2383
Parma,Trento,OK,227170,6982,227170,6982,0,0
Parma,Treviso,OK,261226,8206,261229,8206,-3,0
Parma,Trieste,OK,401115,12617,401088,12986,27,-369
Parma,Udine,OK,361029,11500,361354,11940,-325,-440
Parma,Urbino,OK,270301,10670,270301,10684,0,-14
Parma,Varese,OK,192654,6727,192653,6730,1,-3
Parma,Venezia,OK,246349,7674,245823,7628,526,46
Parma,Verbania,OK,237003,8748,237007,8750,-4,-2
Parma,Vercelli,OK,217034,8166,217029,8168,5,-2
Parma,Verona,OK,145187,4701,145194,4666,-7,35
Parma,Vibo Valentia,OK,1046911,37512,1047435,37533,-524,-21
Parma,Vicenza,OK,193940,6165,194177,6122,-237,43
Parma,Villacidro,OK,922481,28031,945456,190452,-22975,-162421
Parma,Viterbo,OK,400800,13350,400754,13348,46,2
Pavia,Agrigento,OK,1495043,60249,1494605,60087,438,162
Pavia,Alessandria,OK,70173,3600,69874,3623,299,-23
Pavia,Ancona,OK,417082,16471,416128,16303,954,168
Pavia,Andria,OK,819230,28945,818247,28776,983,169
Pavia,Aosta,OK,217595,8940,217564,8941,31,-1
Pavia,Arezzo,OK,367821,12668,366810,12483,1011,185
Pavia,Ascoli Piceno,OK,529588,19180,528605,19010,983,170
Pavia,Asti,OK,105841,4828,105860,4829,-19,-1
Pavia,Avellino,OK,788973,25948,787972,25823,1001,125
Pavia,Bari,OK,869849,30999,868866,30829,983,170
Pavia,Barletta,OK,818484,29019,817498,28850,986,169
Pavia,Belluno,OK,395082,13148,394125,13734,957,-586
Pavia,Benevento,OK,771617,25831,770605,25646,1012,185
Pavia,Bergamo,OK,91103,3812,91105,3812,-2,0
Pavia,Biella,OK,135105,5820,135077,5818,28,2
Pavia,Bologna,OK,203462,7002,202503,6819,959,183
Pavia,Bolzano - Bozen,OK,331829,11595,330871,12134,958,-539
Pavia,Brescia,OK,137210,5278,136250,5437,960,-159
Pavia,Brindisi,OK,984057,34979,983073,34809,984,170
Pavia,Cagliari,OK,1004901,30881,1077507,194643,-72606,-163762
Pavia,Caltanissetta,OK,1444574,57111,1444137,56949,437,162
Pavia,Campobasso,OK,733964,26732,732980,26563,984,169
Pavia,Carbonia,OK,1071295,33651,1107803,196599,-36508,-162948
Pavia,Caserta,OK,737475,24153,736463,23968,1012,185
Pavia,Catania,OK,1335291,52760,1334858,52598,433,162
Pavia,Catanzaro,OK,1151203,40533,1150768,40370,435,163
Pavia,Chieti,OK,578563,20728,577318,20548,1245,180
Pavia,Como,OK,85155,3320,85155,3320,0,0
Pavia,Cosenza,OK,1058215,36817,1057779,36654,436,163
Pavia,Cremona,OK,91902,3959,90943,3776,959,183
Pavia,Crotone,OK,1136707,41774,1136271,41612,436,162
Pavia,Cuneo,OK,197864,9409,197872,9410,-8,-1
Pavia,Enna,OK,1419211,56256,1418774,56094,437,162
Pavia,Fermo,OK,474875,17494,473892,17324,983,170
Pavia,Ferrara,OK,245011,8277,244051,8094,960,183
Pavia,Firenze,OK,296944,10743,295931,10558,1013,185
Pavia,Foggia,OK,749411,26072,748428,25902,983,170
Pavia,Forlì,OK,273755,10263,272787,10079,968,184
Pavia,Frosinone,OK,628283,20913,627270,20728,1013,185
Pavia,Genova,OK,123989,5342,123989,5340,0,2
Pavia,Gorizia,OK,429519,14995,428576,15919,943,-924
Pavia,Grosseto,OK,430204,16635,429692,16448,512,187
Pavia,Iglesias,OK,1048603,32609,1080831,195597,-32228,-162988
Pavia,Imperia,OK,222456,9471,222457,9471,-1,0
Pavia,Isernia,OK,718938,24462,717925,24332,1013,130
Pavia,L'Aquila,OK,654858,21267,653844,21083,1014,184
Pavia,La Spezia,OK,212727,8343,211767,8160,960,183
Pavia,Lanusei,OK,883148,24523,966764,190880,-83616,-166357
Pavia,Latina,OK,630872,21795,629859,21591,1013,204
Pavia,Lecce,OK,1019430,36380,1018447,36211,983,169
Pavia,Lecco,OK,98446,4287,98446,4287,0,0
Pavia,Livorno,OK,288572,11496,287612,11313,960,183
Pavia,Lodi,OK,35448,2296,35397,2293,51,3
Pavia,Macerata,OK,477498,17375,476518,17205,980,170
Pavia,Mantova,OK,150913,7173,149954,6990,959,183
Pavia,Massa,OK,229812,9090,228855,8907,957,183
Pavia,Matera,OK,894401,33084,893424,32924,977,160
Pavia,Messina,OK,1239702,48620,1239268,48458,434,162
Pavia,Milano,OK,41989,1924,41989,1924,0,0
Pavia,Modena,OK,168048,5923,167088,5740,960,183
Pavia,Monza,OK,58870,2690,58870,2690,0,0
Pavia,Napoli,OK,763273,24885,762261,24699,1012,186
Pavia,Novara,OK,63994,4018,63994,4018,0,0
Pavia,Nuoro,OK,955815,28199,907001,187662,48814,-159463
Pavia,Olbia,OK,1023871,31235,805208,183392,218663,-152157
Pavia,Oristano,OK,1036902,31696,986330,191063,50572,-159367
Pavia,Padova,OK,271849,9422,270889,10009,960,-587
Pavia,Palermo,OK,1086752,55607,1463690,57565,-376938,-1958
Pavia,Parma,OK,116131,4449,115171,4266,960,183
Pavia,Perugia,OK,444343,15233,443331,15048,1012,185
Pavia,Pesaro,OK,352642,12769,351683,12601,959,168
Pavia,Piacenza,OK,64406,2973,63446,2786,960,187
Pavia,Pisa,OK,271346,10887,270386,10704,960,183
Pavia,Pistoia,OK,305056,10604,304497,10455,559,149
Pavia,Pordenone,OK,376540,12396,375583,13256,957,-860
Pavia,Potenza,OK,856392,31624,855409,31454,983,170
Pavia,Prato,OK,288458,10222,287445,10037,1013,185
Pavia,Ragusa,OK,1441152,58098,1440533,57936,619,162
Pavia,Ravenna,OK,280106,10055,279145,9871,961,184
Pavia,Reggio di Calabria,OK,1241894,43997,1241460,43835,434,162
Pavia,Rieti,OK,554633,18952,553617,18766,1016,186
Pavia,Rimini,OK,320032,11386,319072,11218,960,168
Pavia,Roma,OK,565342,19224,564329,19038,1013,186
Pavia,Rovigo,OK,277892,8952,276948,8770,944,182
Pavia,Salerno,OK,805239,26565,804228,26379,1011,186
Pavia,Sanluri,OK,1000562,30244,1033479,192588,-32917,-162344
Pavia,Sassari,OK,1067008,33552,904053,188757,162955,-155205
Pavia,Savona,OK,147077,6492,147085,6492,-8,0
Pavia,Siena,OK,356694,13110,355680,12925,1014,185
Pavia,Siracusa,OK,1400217,55243,1399784,55081,433,162
Pavia,Sondrio,OK,178004,7961,178071,8040,-67,-79
Pavia,Taranto,OK,953792,34612,952849,34445,943,167
Pavia,Tempio Pausania,OK,1064975,33441,847370,185606,217605,-152165
Pavia,Teramo,OK,543860,19490,542874,19314,986,176
Pavia,Terni,OK,518883,16937,517871,16752,1012,185
Pavia,Torino,OK,152838,6829,152838,6829,0,0
Pavia,Tortolì,OK,865102,23681,964671,190808,-99569,-167127
Pavia,Trani,OK,829475,29428,828492,29259,983,169
Pavia,Trapani,OK,1186801,59552,1566644,61751,-379843,-2199
Pavia,Trento,OK,275782,9397,274825,9935,957,-538
Pavia,Treviso,OK,318958,10993,318001,11579,957,-586
Pavia,Trieste,OK,458846,15404,457860,16359,986,-955
Pavia,Udine,OK,418760,14287,418125,15314,635,-1027
Pavia,Urbino,OK,376198,14259,375238,14090,960,169
Pavia,Varese,OK,93202,3625,93202,3625,0,0
Pavia,Venezia,OK,304080,10461,302595,11002,1485,-541
Pavia,Verbania,OK,137550,5645,137556,5645,-6,0
Pavia,Vercelli,OK,69197,3918,69193,3918,4,0
Pavia,Verona,OK,193429,6967,192476,7561,953,-594
Pavia,Vibo Valentia,OK,1152808,41101,1152372,40939,436,162
Pavia,Vicenza,OK,242182,8431,241459,9017,723,-586
Pavia,Villacidro,OK,1028378,31619,1050393,193857,-22015,-162238
Pavia,Viterbo,OK,506696,16938,505691,16754,1005,184
Perugia,Agrigento,OK,1101623,48417,1104661,48487,-3038,-70
Perugia,Alessandria,OK,488487,16593,488111,17093,376,-500
Perugia,Ancona,OK,139088,6981,139088,6981,0,0
Perugia,Andria,OK,517134,19457,517950,19463,-816,-6
Perugia,Aosta,OK,636740,22231,636632,22712,108,-481
Perugia,Arezzo,OK,76023,3725,76022,3725,1,0
Perugia,Ascoli Piceno,OK,153270,7963,154122,7966,-852,-3
Perugia,Asti,OK,524154,17821,524097,18300,57,-479
Perugia,Avellino,OK,395553,14117,398028,14223,-2475,-106
Perugia,Bari,OK,567753,21510,568570,21517,-817,-7
Perugia,Barletta,OK,516388,19531,517202,19537,-814,-6
Perugia,Belluno,OK,498764,16187,498691,16567,73,-380
Perugia,Benevento,OK,378197,14000,380660,14046,-2463,-46
Perugia,Bergamo,OK,479486,16304,496464,16843,-16978,-539
Perugia,Biella,OK,554250,19110,554145,19589,105,-479
Perugia,Bologna,OK,255697,9092,255622,9472,75,-380
Perugia,Bolzano - Bozen,OK,520795,17345,520719,17823,76,-478
Perugia,Brescia,OK,435217,14529,435141,15223,76,-694
Perugia,Brindisi,OK,681961,25490,682776,25497,-815,-7
Perugia,Cagliari,OK,625993,19227,702067,183220,-76074,-163993
Perugia,Caltanissetta,OK,1051154,45280,1054192,45349,-3038,-69
Perugia,Campobasso,OK,374601,15327,377063,15429,-2462,-102
Perugia,Carbonia,OK,692387,21997,732363,185176,-39976,-163179
Perugia,Caserta,OK,344055,12322,346519,12368,-2464,-46
Perugia,Catania,OK,941871,40929,944913,40998,-3042,-69
Perugia,Catanzaro,OK,757783,28701,760823,28770,-3040,-69
Perugia,Chieti,OK,276467,11240,277021,11235,-554,5
Perugia,Como,OK,504300,16610,504223,17091,77,-481
Perugia,Cosenza,OK,664795,24985,667834,25055,-3039,-70
Perugia,Cremona,OK,420345,14062,420269,14540,76,-478
Perugia,Crotone,OK,743287,29943,746326,30012,-3039,-69
Perugia,Cuneo,OK,525907,19495,525914,19496,-7,-1
Perugia,Enna,OK,1025790,44424,1028829,44494,-3039,-70
Perugia,Fermo,OK,162326,7841,163143,7847,-817,-6
Perugia,Ferrara,OK,300528,10515,300452,10895,76,-380
Perugia,Firenze,OK,151384,5439,151710,5438,-326,1
Perugia,Foggia,OK,447315,16584,448131,16590,-816,-6
Perugia,Forlì,OK,168658,7661,168658,7661,0,0
Perugia,Frosinone,OK,234863,9082,237326,9128,-2463,-46
Perugia,Genova,OK,385797,13897,385797,13895,0,2
Perugia,Gorizia,OK,533202,18034,533142,18751,60,-717
Perugia,Grosseto,OK,175819,7614,176320,7612,-501,2
Perugia,Iglesias,OK,669695,20955,705392,184174,-35697,-163219
Perugia,Imperia,OK,502414,18478,502414,18478,0,0
Perugia,Isernia,OK,325518,12630,327981,12732,-2463,-102
Perugia,L'Aquila,OK,172160,8129,174487,8166,-2327,-37
Perugia,La Spezia,OK,299426,10363,299426,10363,0,0
Perugia,Lanusei,OK,504240,12869,591325,179457,-87085,-166588
Perugia,Latina,OK,237451,9963,239915,9991,-2464,-28
Perugia,Lecce,OK,717334,26892,718150,26898,-816,-6
Perugia,Lecco,OK,503882,16837,503805,17318,77,-481
Perugia,Livorno,OK,240775,9120,240775,9120,0,0
Perugia,Lodi,OK,427758,14047,427681,14525,77,-478
Perugia,Macerata,OK,129703,6305,130522,6302,-819,3
Perugia,Mantova,OK,350437,11845,350361,12323,76,-478
Perugia,Massa,OK,271397,9290,271401,9290,-4,0
Perugia,Matera,OK,592305,23596,593128,23612,-823,-16
Perugia,Messina,OK,846282,36789,849324,36858,-3042,-69
Perugia,Milano,OK,452117,14842,452040,15322,77,-480
Perugia,Modena,OK,284202,10268,284131,10746,71,-478
Perugia,Monza,OK,464305,15240,464229,15720,76,-480
Perugia,Napoli,OK,369853,13053,372316,13099,-2463,-46
Perugia,Novara,OK,505671,17352,505585,17832,86,-480
Perugia,Nuoro,OK,576907,16545,531561,176239,45346,-159694
Perugia,Olbia,OK,644963,19581,429769,171969,215194,-152388
Perugia,Oristano,OK,657994,20042,610891,179640,47103,-159598
Perugia,Padova,OK,371460,12572,371382,12952,78,-380
Perugia,Palermo,OK,693331,43775,1073746,45965,-380415,-2190
Perugia,Parma,OK,336844,11947,336769,12425,75,-478
Perugia,Pavia,OK,440991,15193,440935,15673,56,-480
Perugia,Pesaro,OK,128259,7100,128254,7101,5,-1
Perugia,Piacenza,OK,391318,12975,391242,13450,76,-475
Perugia,Pisa,OK,231896,8647,231896,8647,0,0
Perugia,Pistoia,OK,190237,6536,190690,6572,-453,-36
Perugia,Pordenone,OK,480223,15435,480149,16089,74,-654
Perugia,Potenza,OK,524185,19848,526649,19895,-2464,-47
Perugia,Prato,OK,173639,6154,173639,6154,0,0
Perugia,Ragusa,OK,1047731,46266,1050589,46336,-2858,-70
Perugia,Ravenna,OK,183001,8175,183001,8138,0,37
Perugia,Reggio di Calabria,OK,848473,32166,851516,32235,-3043,-69
Perugia,Rieti,OK,117217,5339,119677,5385,-2460,-46
Perugia,Rimini,OK,155736,7996,155777,7997,-41,-1
Perugia,Roma,OK,171922,7392,174385,7438,-2463,-46
Perugia,Rovigo,OK,333409,11190,333349,11571,60,-381
Perugia,Salerno,OK,411819,14733,414283,14779,-2464,-46
Perugia,Sanluri,OK,621655,18590,658040,181165,-36385,-162575
Perugia,Sassari,OK,688100,21898,528613,177334,159487,-155436
Perugia,Savona,OK,427035,15498,427042,15499,-7,-1
Perugia,Siena,OK,105529,4109,105529,4109,0,0
Perugia,Siracusa,OK,1006797,43412,1009839,43481,-3042,-69
Perugia,Sondrio,OK,583440,20512,583430,21071,10,-559
Perugia,Taranto,OK,651696,25124,652553,25133,-857,-9
Perugia,Tempio Pausania,OK,686067,21787,471930,174183,214137,-152396
Perugia,Teramo,OK,186852,9725,187704,9729,-852,-4
Perugia,Terni,OK,81467,3324,83931,3371,-2464,-47
Perugia,Torino,OK,571151,19821,571075,20299,76,-478
Perugia,Tortolì,OK,486194,12027,589232,179385,-103038,-167358
Perugia,Trani,OK,527379,19940,528195,19946,-816,-6
Perugia,Trapani,OK,793381,47720,1176700,50151,-383319,-2431
Perugia,Trento,OK,464748,15146,464672,15624,76,-478
Perugia,Treviso,OK,422640,14032,422567,14412,73,-380
Perugia,Trieste,OK,562529,18443,562426,19192,103,-749
Perugia,Udine,OK,522442,17326,522691,18146,-249,-820
Perugia,Urbino,OK,93431,5931,93425,5943,6,-12
Perugia,Varese,OK,512347,16915,512270,17396,77,-481
Perugia,Venezia,OK,407763,13500,407161,13834,602,-334
Perugia,Verbania,OK,556696,18936,556624,19416,72,-480
Perugia,Vercelli,OK,536727,18354,536646,18834,81,-480
Perugia,Verona,OK,382766,12865,382697,13309,69,-444
Perugia,Vibo Valentia,OK,759388,29269,762428,29339,-3040,-70
Perugia,Vicenza,OK,403748,13524,403672,13905,76,-381
Perugia,Villacidro,OK,649470,19965,674954,182434,-25484,-162469
Perugia,Viterbo,OK,127789,5284,130252,5331,-2463,-47
Pesaro,Agrigento,OK,1176498,53133,1177050,53245,-552,-112
Pesaro,Alessandria,OK,397925,14840,397626,14862,299,-22
Pesaro,Ancona,OK,62794,3979,62800,3980,-6,-1
Pesaro,Andria,OK,483356,17241,483333,17240,23,1
Pesaro,Aosta,OK,546178,20477,546147,20481,31,-4
Pesaro,Arezzo,OK,145760,7584,145776,7585,-16,-1
Pesaro,Ascoli Piceno,OK,193714,7475,193690,7475,24,0
Pesaro,Asti,OK,433593,16068,433612,16069,-19,-1
Pesaro,Avellino,OK,510518,19103,510500,19161,18,-58
Pesaro,Bari,OK,533975,19294,533952,19293,23,1
Pesaro,Barletta,OK,482610,17315,482584,17314,26,1
Pesaro,Belluno,OK,389304,13574,389306,13574,-2,0
Pesaro,Benevento,OK,466532,18721,466509,18720,23,1
Pesaro,Bergamo,OK,388924,14550,405979,14611,-17055,-61
Pesaro,Biella,OK,463688,17357,463660,17358,28,-1
Pesaro,Bologna,OK,149663,6598,149663,6598,0,0
Pesaro,Bolzano - Bozen,OK,430234,15592,430234,15592,0,0
Pesaro,Brescia,OK,344656,12776,344656,12992,0,-216
Pesaro,Brindisi,OK,648183,23274,648159,23273,24,1
Pesaro,Cagliari,OK,750422,25620,824029,189567,-73607,-163947
Pesaro,Caltanissetta,OK,1126029,49996,1126581,50107,-552,-111
Pesaro,Campobasso,OK,398090,15028,398066,15027,24,1
Pesaro,Carbonia,OK,816816,28390,854325,191522,-37509,-163132
Pesaro,Caserta,OK,459020,17308,458991,17307,29,1
Pesaro,Catania,OK,1016746,45645,1017302,45756,-556,-111
Pesaro,Catanzaro,OK,832658,33417,833212,33528,-554,-111
Pesaro,Chieti,OK,242689,9024,242404,9012,285,12
Pesaro,Como,OK,413739,14857,413738,14859,1,-2
Pesaro,Cosenza,OK,739670,29701,740223,29812,-553,-111
Pesaro,Cremona,OK,329784,12308,329784,12308,0,0
Pesaro,Crotone,OK,830872,33677,830849,33677,23,0
Pesaro,Cuneo,OK,525616,20648,525624,20649,-8,-1
Pesaro,Enna,OK,1100666,49140,1101218,49252,-552,-112
Pesaro,Fermo,OK,139001,5789,138978,5788,23,1
Pesaro,Ferrara,OK,191067,7902,191067,7902,0,0
Pesaro,Firenze,OK,220158,10308,220500,10308,-342,0
Pesaro,Foggia,OK,413537,14367,413513,14366,24,1
Pesaro,Forlì,OK,93369,4516,93369,4516,0,0
Pesaro,Frosinone,OK,383065,14175,383256,14179,-191,-4
Pesaro,Genova,OK,451741,16581,451740,16579,1,2
Pesaro,Gorizia,OK,423741,15421,423757,15759,-16,-338
Pesaro,Grosseto,OK,282019,13714,282536,13713,-517,1
Pesaro,Iglesias,OK,794124,27348,827354,190520,-33230,-163172
Pesaro,Imperia,OK,550208,20711,550208,20711,0,0
Pesaro,Isernia,OK,367152,14566,367134,14566,18,0
Pesaro,L'Aquila,OK,265796,9569,265725,9567,71,2
Pesaro,La Spezia,OK,361432,14160,361433,14160,-1,0
Pesaro,Lanusei,OK,628669,19262,713286,185804,-84617,-166542
Pesaro,Latina,OK,431868,15768,431859,15731,9,37
Pesaro,Lecce,OK,683556,24676,683532,24675,24,1
Pesaro,Lecco,OK,413320,15084,413320,15087,0,-3
Pesaro,Livorno,OK,309549,13989,309565,13990,-16,-1
Pesaro,Lodi,OK,337196,12294,337196,12294,0,0
Pesaro,Macerata,OK,141624,5670,141603,5669,21,1
Pesaro,Mantova,OK,259876,10092,259876,10092,0,0
Pesaro,Massa,OK,351965,13779,351915,13777,50,2
Pesaro,Matera,OK,558527,21380,558510,21388,17,-8
Pesaro,Messina,OK,921157,41505,921713,41616,-556,-111
Pesaro,Milano,OK,361556,13088,361554,13091,2,-3
Pesaro,Modena,OK,193640,8515,193646,8515,-6,0
Pesaro,Monza,OK,373744,13487,373743,13489,1,-2
Pesaro,Napoli,OK,484818,18039,484788,18038,30,1
Pesaro,Novara,OK,415110,15598,415100,15601,10,-3
Pesaro,Nuoro,OK,701336,22937,653523,182586,47813,-159649
Pesaro,Olbia,OK,769392,25974,551731,178315,217661,-152341
Pesaro,Oristano,OK,782423,26435,732853,185986,49570,-159551
Pesaro,Padova,OK,261999,9959,261997,9959,2,0
Pesaro,Palermo,OK,808296,48762,1146135,50723,-337839,-1961
Pesaro,Parma,OK,246283,10194,246283,10194,0,0
Pesaro,Pavia,OK,350430,13440,350450,13441,-20,-1
Pesaro,Perugia,OK,131365,7408,131369,7409,-4,-1
Pesaro,Piacenza,OK,300757,11222,300757,11219,0,3
Pesaro,Pisa,OK,327549,13189,327496,13178,53,11
Pesaro,Pistoia,OK,270804,11025,271204,11059,-400,-34
Pesaro,Pordenone,OK,370762,12822,370765,13096,-3,-274
Pesaro,Potenza,OK,520518,19919,520495,19918,23,1
Pesaro,Prato,OK,254206,10643,254153,10641,53,2
Pesaro,Ragusa,OK,1122607,50982,1122977,51094,-370,-112
Pesaro,Ravenna,OK,98845,4654,98845,4617,0,37
Pesaro,Reggio di Calabria,OK,923349,36882,923904,36993,-555,-111
Pesaro,Rieti,OK,241646,11732,241639,11732,7,0
Pesaro,Rimini,OK,37420,2214,37419,2214,1,0
Pesaro,Roma,OK,376506,13282,376496,13265,10,17
Pesaro,Rovigo,OK,223948,8577,223964,8578,-16,-1
Pesaro,Salerno,OK,526784,19720,526755,19718,29,2
Pesaro,Sanluri,OK,746083,24982,780002,187512,-33919,-162530
Pesaro,Sassari,OK,812529,28291,650575,183680,161954,-155389
Pesaro,Savona,OK,474829,17731,474837,17732,-8,-1
Pesaro,Siena,OK,211730,10209,211746,10209,-16,0
Pesaro,Siracusa,OK,1081672,48128,1082228,48239,-556,-111
Pesaro,Sondrio,OK,492878,18758,492944,18840,-66,-82
Pesaro,Taranto,OK,617918,22907,617935,22909,-17,-2
Pesaro,Tempio Pausania,OK,810496,28179,593892,180529,216604,-152350
Pesaro,Teramo,OK,207986,7785,207960,7778,26,7
Pesaro,Terni,OK,205896,9717,205893,9717,3,0
Pesaro,Torino,OK,480590,18068,480590,18068,0,0
Pesaro,Tortolì,OK,610623,18419,711194,185731,-100571,-167312
Pesaro,Trani,OK,493601,17724,493578,17723,23,1
Pesaro,Trapani,OK,908345,52706,1249089,54909,-340744,-2203
Pesaro,Trento,OK,374187,13393,374187,13393,0,0
Pesaro,Treviso,OK,313179,11419,313182,11419,-3,0
Pesaro,Trieste,OK,453068,15830,453041,16199,27,-369
Pesaro,Udine,OK,412982,14713,413307,15153,-325,-440
Pesaro,Urbino,OK,36821,2238,36821,2238,0,0
Pesaro,Varese,OK,421785,15162,421785,15164,0,-2
Pesaro,Venezia,OK,298302,10887,297776,10841,526,46
Pesaro,Verbania,OK,466134,17182,466138,17185,-4,-3
Pesaro,Vercelli,OK,446166,16601,446161,16603,5,-2
Pesaro,Verona,OK,292205,11112,292211,11077,-6,35
Pesaro,Vibo Valentia,OK,834263,33985,834817,34097,-554,-112
Pesaro,Vicenza,OK,294288,10911,294288,10913,0,-2
Pesaro,Villacidro,OK,773899,26358,796916,188781,-23017,-162423
Pesaro,Viterbo,OK,252217,11677,252214,11677,3,0
Piacenza,Agrigento,OK,1442627,58104,1443149,58121,-522,-17
Piacenza,Alessandria,OK,98437,4046,98138,4068,299,-22
Piacenza,Ancona,OK,364666,14326,364672,14337,-6,-11
Piacenza,Andria,OK,766814,26800,766790,26810,24,-10
Piacenza,Aosta,OK,252875,10130,252842,10133,33,-3
Piacenza,Arezzo,OK,315405,10523,315353,10517,52,6
Piacenza,Ascoli Piceno,OK,477171,17035,477148,17045,23,-10
Piacenza,Asti,OK,134105,5274,134124,5275,-19,-1
Piacenza,Avellino,OK,736557,23803,736516,23857,41,-54
Piacenza,Bari,OK,817433,28854,817410,28863,23,-9
Piacenza,Barletta,OK,766068,26874,766042,26884,26,-10
Piacenza,Belluno,OK,345191,11137,390833,11800,-45642,-663
Piacenza,Benevento,OK,719201,23686,719148,23680,53,6
Piacenza,Bergamo,OK,112674,4261,112673,4264,1,-3
Piacenza,Biella,OK,170385,7010,170354,7011,31,-1
Piacenza,Bologna,OK,151046,4857,151047,4853,-1,4
Piacenza,Bolzano - Bozen,OK,281938,9584,281941,10302,-3,-718
Piacenza,Brescia,OK,87319,3267,87319,3606,0,-339
Piacenza,Brindisi,OK,931640,32834,931617,32844,23,-10
Piacenza,Cagliari,OK,952484,28736,1026050,192678,-73566,-163942
Piacenza,Caltanissetta,OK,1392157,54966,1392680,54984,-523,-18
Piacenza,Campobasso,OK,681547,24587,681524,24597,23,-10
Piacenza,Carbonia,OK,1018879,31506,1056346,194633,-37467,-163127
Piacenza,Caserta,OK,685059,22008,685007,22003,52,5
Piacenza,Catania,OK,1282875,50615,1283401,50632,-526,-17
Piacenza,Catanzaro,OK,1098787,38388,1099311,38405,-524,-17
Piacenza,Chieti,OK,526146,18583,525862,18582,284,1
Piacenza,Como,OK,120435,4509,120433,4512,2,-3
Piacenza,Cosenza,OK,1005799,34672,1006322,34689,-523,-17
Piacenza,Cremona,OK,42012,1948,42012,1944,0,4
Piacenza,Crotone,OK,1084291,39629,1084814,39646,-523,-17
Piacenza,Cuneo,OK,226128,9855,226136,9855,-8,0
Piacenza,Enna,OK,1366794,54111,1367317,54128,-523,-17
Piacenza,Fermo,OK,422458,15349,422435,15359,23,-10
Piacenza,Ferrara,OK,192595,6132,192595,6129,0,3
Piacenza,Firenze,OK,244527,8598,244475,8592,52,6
Piacenza,Foggia,OK,696994,23927,696971,23937,23,-10
Piacenza,Forlì,OK,221339,8118,221330,8114,9,4
Piacenza,Frosinone,OK,575866,18768,575814,18762,52,6
Piacenza,Genova,OK,152253,5787,152253,5785,0,2
Piacenza,Gorizia,OK,379629,12984,425284,13985,-45655,-1001
Piacenza,Grosseto,OK,377787,14490,378235,14482,-448,8
Piacenza,Iglesias,OK,996186,30464,1029375,193631,-33189,-163167
Piacenza,Imperia,OK,250720,9917,250721,9917,-1,0
Piacenza,Isernia,OK,666522,22317,666469,22366,53,-49
Piacenza,L'Aquila,OK,602442,19122,602387,19117,55,5
Piacenza,La Spezia,OK,160310,6198,160310,6195,0,3
Piacenza,Lanusei,OK,830731,22379,915308,188915,-84577,-166536
Piacenza,Latina,OK,578455,19650,578403,19625,52,25
Piacenza,Lecce,OK,967014,34235,966990,34245,24,-10
Piacenza,Lecco,OK,120017,4737,120014,4739,3,-2
Piacenza,Livorno,OK,236155,9351,236156,9347,-1,4
Piacenza,Lodi,OK,43893,1947,43891,1947,2,0
Piacenza,Macerata,OK,425082,15230,425061,15240,21,-10
Piacenza,Mantova,OK,166339,5124,166339,5121,0,3
Piacenza,Massa,OK,177395,6945,177399,6942,-4,3
Piacenza,Matera,OK,841984,30940,841968,30959,16,-19
Piacenza,Messina,OK,1187285,46475,1187812,46492,-527,-17
Piacenza,Milano,OK,68252,2741,68249,2744,3,-3
Piacenza,Modena,OK,115632,3778,115632,3774,0,4
Piacenza,Monza,OK,80440,3139,80438,3142,2,-3
Piacenza,Napoli,OK,710857,22740,710804,22734,53,6
Piacenza,Novara,OK,121806,5251,121795,5254,11,-3
Piacenza,Nuoro,OK,903398,26054,855544,185697,47854,-159643
Piacenza,Olbia,OK,971454,29091,753752,181426,217702,-152335
Piacenza,Oristano,OK,984486,29551,934874,189097,49612,-159546
Piacenza,Padova,OK,221958,7411,221958,8177,0,-766
Piacenza,Palermo,OK,1034335,53462,1412234,55599,-377899,-2137
Piacenza,Parma,OK,63715,2304,63715,2301,0,3
Piacenza,Pavia,OK,65303,2736,65303,2736,0,0
Piacenza,Perugia,OK,391927,13088,391874,13082,53,6
Piacenza,Pesaro,OK,300226,10624,300226,10635,0,-11
Piacenza,Pisa,OK,218929,8742,218929,8739,0,3
Piacenza,Pistoia,OK,252639,8459,253040,8490,-401,-31
Piacenza,Pordenone,OK,326650,10385,372292,11323,-45642,-938
Piacenza,Potenza,OK,803976,29479,803952,29488,24,-9
Piacenza,Prato,OK,236041,8077,235989,8071,52,6
Piacenza,Ragusa,OK,1388735,55953,1389077,55970,-342,-17
Piacenza,Ravenna,OK,227690,7910,227688,7905,2,5
Piacenza,Reggio di Calabria,OK,1189477,41853,1190004,41870,-527,-17
Piacenza,Rieti,OK,502216,16807,502161,16801,55,6
Piacenza,Rimini,OK,267615,9241,267615,9252,0,-11
Piacenza,Roma,OK,512925,17079,512873,17073,52,6
Piacenza,Rovigo,OK,225475,6808,225491,6805,-16,3
Piacenza,Salerno,OK,752823,24420,752771,24414,52,6
Piacenza,Sanluri,OK,948146,28099,982023,190623,-33877,-162524
Piacenza,Sassari,OK,1014592,31408,852596,186791,161996,-155383
Piacenza,Savona,OK,175341,6937,175349,6938,-8,-1
Piacenza,Siena,OK,304277,10965,304224,10959,53,6
Piacenza,Siracusa,OK,1347801,53099,1348327,53116,-526,-17
Piacenza,Sondrio,OK,199575,8411,199639,8492,-64,-81
Piacenza,Taranto,OK,901375,32467,901393,32480,-18,-13
Piacenza,Tempio Pausania,OK,1012559,31296,795913,183640,216646,-152344
Piacenza,Teramo,OK,491444,17345,491418,17348,26,-3
Piacenza,Terni,OK,466466,14792,466414,14786,52,6
Piacenza,Torino,OK,181102,7274,181102,7274,0,0
Piacenza,Tortolì,OK,812686,21536,913215,188842,-100529,-167306
Piacenza,Trani,OK,777059,27283,777035,27293,24,-10
Piacenza,Trapani,OK,1134384,57407,1515188,59786,-380804,-2379
Piacenza,Trento,OK,225891,7386,225894,8103,-3,-717
Piacenza,Treviso,OK,269067,8982,314709,9646,-45642,-664
Piacenza,Trieste,OK,408955,13393,454568,14426,-45613,-1033
Piacenza,Udine,OK,368869,12276,414834,13380,-45965,-1104
Piacenza,Urbino,OK,323782,12114,323782,12124,0,-10
Piacenza,Varese,OK,128482,4814,128480,4817,2,-3
Piacenza,Venezia,OK,254190,8450,299304,9068,-45114,-618
Piacenza,Verbania,OK,172831,6835,172833,6837,-2,-2
Piacenza,Vercelli,OK,125096,5947,125092,5946,4,1
Piacenza,Verona,OK,143539,4956,143545,5729,-6,-773
Piacenza,Vibo Valentia,OK,1100392,38956,1100916,38973,-524,-17
Piacenza,Vicenza,OK,192291,6420,192528,7186,-237,-766
Piacenza,Villacidro,OK,975962,29474,998937,191892,-22975,-162418
Piacenza,Viterbo,OK,454280,14794,454235,14788,45,6
Pisa,Agrigento,OK,1301827,53568,1302402,53591,-575,-23
Pisa,Alessandria,OK,242968,10253,243256,10265,-288,-12
Pisa,Ancona,OK,384250,14931,384250,14931,0,0
Pisa,Andria,OK,721985,25073,722755,25122,-770,-49
Pisa,Aosta,OK,408025,16624,407995,16625,30,-1
Pisa,Arezzo,OK,174605,5988,174606,5988,-1,0
Pisa,Ascoli Piceno,OK,396319,15762,396354,15763,-35,-1
Pisa,Asti,OK,284317,11628,284336,11629,-19,-1
Pisa,Avellino,OK,595757,19268,595768,19328,-11,-60
Pisa,Bari,OK,772604,27126,773374,27176,-770,-50
Pisa,Barletta,OK,721239,25147,722006,25196,-767,-49
Pisa,Belluno,OK,422960,13715,422886,14095,74,-380
Pisa,Benevento,OK,578401,19151,578401,19151,0,0
Pisa,Bergamo,OK,323918,12105,323919,12108,-1,-3
Pisa,Biella,OK,348010,14441,347982,14439,28,2
Pisa,Bologna,OK,179893,6620,179817,7000,76,-380
Pisa,Bolzano - Bozen,OK,444991,14873,444915,15352,76,-479
Pisa,Brescia,OK,293032,11123,293031,11466,1,-343
Pisa,Brindisi,OK,886811,31106,887581,31156,-770,-50
Pisa,Cagliari,OK,705365,23511,778976,187456,-73611,-163945
Pisa,Caltanissetta,OK,1251358,50431,1251933,50454,-575,-23
Pisa,Campobasso,OK,574805,20478,574804,20534,1,-56
Pisa,Carbonia,OK,771760,26281,809272,189412,-37512,-163131
Pisa,Caserta,OK,544259,17473,544259,17473,0,0
Pisa,Catania,OK,1142075,46080,1142654,46103,-579,-23
Pisa,Catanzaro,OK,957987,33852,958564,33875,-577,-23
Pisa,Chieti,OK,544547,17340,541170,17352,3377,-12
Pisa,Como,OK,331680,12353,331679,12356,1,-3
Pisa,Cosenza,OK,864999,30136,865575,30159,-576,-23
Pisa,Cremona,OK,247725,9805,247724,9805,1,0
Pisa,Crotone,OK,943491,35094,944067,35117,-576,-23
Pisa,Cuneo,OK,305021,12656,305028,12657,-7,-1
Pisa,Enna,OK,1225994,49575,1226570,49599,-576,-24
Pisa,Fermo,OK,405375,15640,405374,15645,1,-5
Pisa,Ferrara,OK,224724,8043,224647,8424,77,-381
Pisa,Firenze,OK,103727,4063,103727,4063,0,0
Pisa,Foggia,OK,725682,22994,725703,22996,-21,-2
Pisa,Forlì,OK,209775,9662,209765,9753,10,-91
Pisa,Frosinone,OK,435067,14233,435066,14233,1,0
Pisa,Genova,OK,164912,7058,164911,7056,1,2
Pisa,Gorizia,OK,457397,15563,457337,16280,60,-717
Pisa,Grosseto,OK,152115,6911,152115,6910,0,1
Pisa,Iglesias,OK,749067,25239,782301,188410,-33234,-163171
Pisa,Imperia,OK,281528,11639,281528,11639,0,0
Pisa,Isernia,OK,525722,17781,525721,17837,1,-56
Pisa,L'Aquila,OK,461642,14587,461640,14587,2,0
Pisa,La Spezia,OK,78540,3524,78540,3524,0,0
Pisa,Lanusei,OK,583612,17153,668233,183693,-84621,-166540
Pisa,Latina,OK,437655,15114,437655,15096,0,18
Pisa,Lecce,OK,922185,32508,922955,32557,-770,-49
Pisa,Lecco,OK,331261,12580,331260,12583,1,-3
Pisa,Livorno,OK,23240,1464,23240,1463,0,1
Pisa,Lodi,OK,255137,9790,255136,9790,1,0
Pisa,Macerata,OK,372752,14105,372754,14100,-2,5
Pisa,Mantova,OK,274633,9374,274557,9852,76,-478
Pisa,Massa,OK,50512,2451,50515,2451,-3,0
Pisa,Matera,OK,769223,28848,769971,28911,-748,-63
Pisa,Messina,OK,1046486,41940,1047064,41963,-578,-23
Pisa,Milano,OK,279497,10585,279495,10587,2,-2
Pisa,Modena,OK,208397,7797,208327,8275,70,-478
Pisa,Monza,OK,291685,10983,291684,10985,1,-2
Pisa,Napoli,OK,570057,18204,570057,18204,0,0
Pisa,Novara,OK,312331,12908,312331,12908,0,0
Pisa,Nuoro,OK,656279,20829,608470,180475,47809,-159646
Pisa,Olbia,OK,724335,23865,506677,176205,217658,-152340
Pisa,Oristano,OK,737367,24326,687799,183876,49568,-159550
Pisa,Padova,OK,295656,10100,295578,10480,78,-380
Pisa,Palermo,OK,893535,48927,1271486,51069,-377951,-2142
Pisa,Parma,OK,177410,7654,177409,7654,1,0
Pisa,Pavia,OK,275956,10757,275956,10757,0,0
Pisa,Perugia,OK,251127,8553,251127,8553,0,0
Pisa,Pesaro,OK,332355,12536,332279,12930,76,-394
Pisa,Piacenza,OK,218698,8718,218698,8715,0,3
Pisa,Pistoia,OK,67691,2607,68144,2644,-453,-37
Pisa,Pordenone,OK,404419,12963,404345,13617,74,-654
Pisa,Potenza,OK,724389,25000,724390,25000,-1,0
Pisa,Prato,OK,88445,3263,88445,3263,0,0
Pisa,Ragusa,OK,1247935,51417,1248329,51441,-394,-24
Pisa,Ravenna,OK,259819,9821,259741,10200,78,-379
Pisa,Reggio di Calabria,OK,1048677,37317,1049256,37340,-579,-23
Pisa,Rieti,OK,361417,12272,361413,12271,4,1
Pisa,Rimini,OK,299744,11153,299668,11547,76,-394
Pisa,Roma,OK,372126,12543,372126,12543,0,0
Pisa,Rovigo,OK,257604,8719,257544,9100,60,-381
Pisa,Salerno,OK,612023,19885,612024,19884,-1,1
Pisa,Sanluri,OK,701027,22874,734948,185401,-33921,-162527
Pisa,Sassari,OK,767473,26182,605522,181570,161951,-155388
Pisa,Savona,OK,206149,8659,206156,8660,-7,-1
Pisa,Siena,OK,115909,5861,115908,5862,1,-1
Pisa,Siracusa,OK,1207001,48563,1207580,48586,-579,-23
Pisa,Sondrio,OK,410819,16255,410885,16336,-66,-81
Pisa,Taranto,OK,856546,30739,857357,30792,-811,-53
Pisa,Tempio Pausania,OK,765440,26071,548839,178419,216601,-152348
Pisa,Teramo,OK,519286,16187,519316,16189,-30,-2
Pisa,Terni,OK,325666,10257,325667,10257,-1,0
Pisa,Torino,OK,331314,13628,331314,13628,0,0
Pisa,Tortolì,OK,565566,16311,666141,183621,-100575,-167310
Pisa,Trani,OK,732230,25556,733000,25605,-770,-49
Pisa,Trapani,OK,993585,52871,1374441,55256,-380856,-2385
Pisa,Trento,OK,388944,12675,388868,13153,76,-478
Pisa,Treviso,OK,346836,11561,346762,11941,74,-380
Pisa,Trieste,OK,486724,15972,486621,16720,103,-748
Pisa,Udine,OK,446638,14854,446887,15675,-249,-821
Pisa,Urbino,OK,278367,11843,278368,11844,-1,-1
Pisa,Varese,OK,339726,12658,339725,12661,1,-3
Pisa,Venezia,OK,331958,11029,331356,11363,602,-334
Pisa,Verbania,OK,384075,14679,384079,14681,-4,-2
Pisa,Vercelli,OK,307212,12716,307208,12716,4,0
Pisa,Verona,OK,306962,10394,306892,10837,70,-443
Pisa,Vibo Valentia,OK,959592,34421,960169,34444,-577,-23
Pisa,Vicenza,OK,327944,11052,327868,11434,76,-382
Pisa,Villacidro,OK,728843,24249,751863,186670,-23020,-162421
Pisa,Viterbo,OK,313480,10258,313488,10259,-8,-1
Pistoia,Agrigento,OK,1239738,51752,1240314,51775,-576,-23
Pistoia,Alessandria,OK,280298,11581,280590,11593,-292,-12
Pistoia,Ancona,OK,322161,13114,322162,13115,-1,-1
Pistoia,Andria,OK,659896,23257,660667,23306,-771,-49
Pistoia,Aosta,OK,498847,17943,445329,17953,53518,-10
Pistoia,Arezzo,OK,112516,4172,112518,4172,-2,0
Pistoia,Ascoli Piceno,OK,334230,13946,334266,13947,-36,-1
Pistoia,Asti,OK,321647,12956,321670,12957,-23,-1
Pistoia,Avellino,OK,533668,17452,533680,17512,-12,-60
Pistoia,Bari,OK,710515,25310,711286,25360,-771,-50
Pistoia,Barletta,OK,659150,23331,659918,23380,-768,-49
Pistoia,Belluno,OK,360871,11899,360798,12279,73,-380
Pistoia,Benevento,OK,516312,17335,516313,17335,-1,0
Pistoia,Bergamo,OK,341593,12016,358572,12555,-16979,-539
Pistoia,Biella,OK,416357,14823,416253,15302,104,-479
Pistoia,Bologna,OK,117804,4804,117729,5184,75,-380
Pistoia,Bolzano - Bozen,OK,382902,13057,382827,13536,75,-479
Pistoia,Brescia,OK,297324,10242,297249,10936,75,-694
Pistoia,Brindisi,OK,824722,29290,825493,29340,-771,-50
Pistoia,Cagliari,OK,749595,22385,823215,186332,-73620,-163947
Pistoia,Caltanissetta,OK,1189269,48615,1189845,48638,-576,-23
Pistoia,Campobasso,OK,512716,18662,512716,18718,0,-56
Pistoia,Carbonia,OK,815990,25155,853511,188288,-37521,-163133
Pistoia,Caserta,OK,482170,15657,482171,15657,-1,0
Pistoia,Catania,OK,1079986,44264,1080566,44287,-580,-23
Pistoia,Catanzaro,OK,895898,32036,896476,32059,-578,-23
Pistoia,Chieti,OK,482458,15524,479082,15536,3376,-12
Pistoia,Como,OK,366407,12323,366331,12803,76,-480
Pistoia,Cosenza,OK,802910,28320,803487,28343,-577,-23
Pistoia,Cremona,OK,282452,9774,282377,10252,75,-478
Pistoia,Crotone,OK,881402,33278,881979,33301,-577,-23
Pistoia,Cuneo,OK,342351,13984,342362,13985,-11,-1
Pistoia,Enna,OK,1163905,47759,1164482,47783,-577,-24
Pistoia,Fermo,OK,343286,13824,343287,13829,-1,-5
Pistoia,Ferrara,OK,162635,6227,162560,6608,75,-381
Pistoia,Firenze,OK,41638,2246,41639,2247,-1,-1
Pistoia,Foggia,OK,663593,21178,663615,21180,-22,-2
Pistoia,Forlì,OK,147686,7846,147677,7937,9,-91
Pistoia,Frosinone,OK,372978,12417,372979,12417,-1,0
Pistoia,Genova,OK,202242,8386,202246,8384,-4,2
Pistoia,Gorizia,OK,395308,13747,395249,14464,59,-717
Pistoia,Grosseto,OK,174899,8139,175400,8137,-501,2
Pistoia,Iglesias,OK,793297,24113,826540,187286,-33243,-163173
Pistoia,Imperia,OK,318858,12967,318863,12967,-5,0
Pistoia,Isernia,OK,463633,15965,463633,16021,0,-56
Pistoia,L'Aquila,OK,399553,12771,399552,12771,1,0
Pistoia,La Spezia,OK,115870,4852,115874,4852,-4,0
Pistoia,Lanusei,OK,627843,16027,712472,182569,-84629,-166542
Pistoia,Latina,OK,375566,13298,375567,13280,-1,18
Pistoia,Lecce,OK,860096,30692,860867,30741,-771,-49
Pistoia,Lecco,OK,365988,12550,365913,13030,75,-480
Pistoia,Livorno,OK,88399,4413,88403,4413,-4,0
Pistoia,Lodi,OK,289865,9760,289789,10238,76,-478
Pistoia,Macerata,OK,310663,12289,310666,12284,-3,5
Pistoia,Mantova,OK,212544,7557,212469,8036,75,-479
Pistoia,Massa,OK,87842,3779,87849,3780,-7,-1
Pistoia,Matera,OK,707134,27032,707883,27095,-749,-63
Pistoia,Messina,OK,984397,40124,984977,40147,-580,-23
Pistoia,Milano,OK,314224,10554,314147,11035,77,-481
Pistoia,Modena,OK,146309,5980,146239,6459,70,-479
Pistoia,Monza,OK,326412,10952,326336,11433,76,-481
Pistoia,Napoli,OK,507968,16388,507969,16388,-1,0
Pistoia,Novara,OK,367778,13064,367693,13545,85,-481
Pistoia,Nuoro,OK,700510,19703,652709,179351,47801,-159648
Pistoia,Olbia,OK,768566,22739,550917,175081,217649,-152342
Pistoia,Oristano,OK,781597,23200,732038,182752,49559,-159552
Pistoia,Padova,OK,233567,8284,233490,8664,77,-380
Pistoia,Palermo,OK,831446,47111,1209399,49253,-377953,-2142
Pistoia,Parma,OK,198951,7660,198876,8138,75,-478
Pistoia,Pavia,OK,303098,10906,303043,11385,55,-479
Pistoia,Perugia,OK,189038,6737,189039,6737,-1,0
Pistoia,Pesaro,OK,270266,10719,270191,11114,75,-395
Pistoia,Piacenza,OK,253425,8688,253350,9162,75,-474
Pistoia,Pisa,OK,63426,3189,63430,3180,-4,9
Pistoia,Pordenone,OK,342330,11147,342257,11801,73,-654
Pistoia,Potenza,OK,662300,23184,662302,23184,-2,0
Pistoia,Prato,OK,18194,1228,18195,1228,-1,0
Pistoia,Ragusa,OK,1185846,49601,1186241,49625,-395,-24
Pistoia,Ravenna,OK,197730,8005,197653,8384,77,-379
Pistoia,Reggio di Calabria,OK,986588,35501,987168,35524,-580,-23
Pistoia,Rieti,OK,299328,10456,299325,10455,3,1
Pistoia,Rimini,OK,237655,9336,237580,9731,75,-395
Pistoia,Roma,OK,310037,10727,310038,10727,-1,0
Pistoia,Rovigo,OK,195515,6903,195456,7284,59,-381
Pistoia,Salerno,OK,549934,18068,549936,18068,-2,0
Pistoia,Sanluri,OK,745257,21748,779187,184277,-33930,-162529
Pistoia,Sassari,OK,811703,25056,649761,180446,161942,-155390
Pistoia,Savona,OK,243479,9987,243491,9988,-12,-1
Pistoia,Siena,OK,101388,4614,101389,4614,-1,0
Pistoia,Siracusa,OK,1144912,46747,1145492,46770,-580,-23
Pistoia,Sondrio,OK,445546,16224,445537,16784,9,-560
Pistoia,Taranto,OK,794457,28923,795270,28976,-813,-53
Pistoia,Tempio Pausania,OK,809670,24945,593078,177295,216592,-152350
Pistoia,Teramo,OK,457197,14371,457229,14373,-32,-2
Pistoia,Terni,OK,263577,8441,263579,8441,-2,0
Pistoia,Torino,OK,368645,14956,368649,14957,-4,-1
Pistoia,Tortolì,OK,609797,15185,710380,182497,-100583,-167312
Pistoia,Trani,OK,670141,23740,670912,23789,-771,-49
Pistoia,Trapani,OK,931496,51055,1312353,53440,-380857,-2385
Pistoia,Trento,OK,326855,10859,326780,11337,75,-478
Pistoia,Treviso,OK,284747,9745,284674,10125,73,-380
Pistoia,Trieste,OK,424635,14156,424533,14904,102,-748
Pistoia,Udine,OK,384549,13038,384799,13859,-250,-821
Pistoia,Urbino,OK,216278,10027,216280,10028,-2,-1
Pistoia,Varese,OK,374454,12628,374378,13108,76,-480
Pistoia,Venezia,OK,269870,9213,269268,9547,602,-334
Pistoia,Verbania,OK,418802,14648,418731,15128,71,-480
Pistoia,Vercelli,OK,344542,14044,344542,14044,0,0
Pistoia,Verona,OK,244873,8577,244804,9021,69,-444
Pistoia,Vibo Valentia,OK,897503,32605,898081,32628,-578,-23
Pistoia,Vicenza,OK,265855,9236,265780,9618,75,-382
Pistoia,Villacidro,OK,773073,23123,796102,185546,-23029,-162423
Pistoia,Viterbo,OK,251391,8442,251400,8443,-9,-1
Pordenone,Agrigento,OK,1531632,60841,1532152,61129,-520,-288
Pordenone,Alessandria,OK,421309,14068,421008,14688,301,-620
Pordenone,Ancona,OK,434455,16291,434459,16574,-4,-283
Pordenone,Andria,OK,836602,28765,836578,29046,24,-281
Pordenone,Aosta,OK,517263,18183,517232,18717,31,-534
Pordenone,Arezzo,OK,404410,13260,404357,13526,53,-266
Pordenone,Ascoli Piceno,OK,546960,19000,546936,19281,24,-281
Pordenone,Asti,OK,456976,15296,456994,15895,-18,-599
Pordenone,Avellino,OK,825562,26540,825519,26865,43,-325
Pordenone,Bari,OK,887222,30819,887197,31100,25,-281
Pordenone,Barletta,OK,835857,28839,835829,29121,28,-282
Pordenone,Belluno,OK,79746,2922,79746,3190,0,-268
Pordenone,Benevento,OK,808206,26423,808152,26689,54,-266
Pordenone,Bergamo,OK,298352,9688,298351,10221,1,-533
Pordenone,Biella,OK,434773,15062,434745,15594,28,-532
Pordenone,Bologna,OK,225975,6988,225973,7256,2,-268
Pordenone,Bolzano - Bozen,OK,190094,8961,190087,9228,7,-267
Pordenone,Brescia,OK,254083,7914,254082,8447,1,-533
Pordenone,Brindisi,OK,1001429,34799,1001404,35080,25,-281
Pordenone,Cagliari,OK,1041489,31473,1115054,195686,-73565,-164213
Pordenone,Caltanissetta,OK,1481162,57703,1481684,57992,-522,-289
Pordenone,Campobasso,OK,751336,26552,751311,26834,25,-282
Pordenone,Carbonia,OK,1107883,34243,1145349,197641,-37466,-163398
Pordenone,Caserta,OK,774063,24745,774010,25011,53,-266
Pordenone,Catania,OK,1371880,53352,1372405,53641,-525,-289
Pordenone,Catanzaro,OK,1187792,41125,1188315,41413,-523,-288
Pordenone,Chieti,OK,595935,20548,595649,20819,286,-271
Pordenone,Como,OK,382200,12464,382199,12998,1,-534
Pordenone,Cosenza,OK,1094803,37409,1095326,37697,-523,-288
Pordenone,Cremona,OK,294894,9354,294893,9951,1,-597
Pordenone,Crotone,OK,1173295,42366,1173818,42655,-523,-289
Pordenone,Cuneo,OK,548999,19877,549006,20475,-7,-598
Pordenone,Enna,OK,1455799,56848,1456321,57136,-522,-288
Pordenone,Fermo,OK,492247,17314,492223,17595,24,-281
Pordenone,Ferrara,OK,195250,6218,195249,6485,1,-267
Pordenone,Firenze,OK,333532,11335,333478,11600,54,-265
Pordenone,Foggia,OK,766783,25892,766759,26173,24,-281
Pordenone,Forlì,OK,291127,10083,291118,10350,9,-267
Pordenone,Frosinone,OK,664871,21505,664817,21770,54,-265
Pordenone,Genova,OK,475124,15810,475123,16405,1,-595
Pordenone,Gorizia,OK,96076,4144,96090,4339,-14,-195
Pordenone,Grosseto,OK,466792,17227,467239,17491,-447,-264
Pordenone,Iglesias,OK,1085191,33201,1118378,196640,-33187,-163439
Pordenone,Imperia,OK,573591,19939,573591,20537,0,-598
Pordenone,Isernia,OK,755527,25054,755472,25375,55,-321
Pordenone,L'Aquila,OK,619042,21094,618971,21374,71,-280
Pordenone,La Spezia,OK,432273,14331,432272,14599,1,-268
Pordenone,Lanusei,OK,919736,25115,1004311,191923,-84575,-166808
Pordenone,Latina,OK,667460,22387,667406,22634,54,-247
Pordenone,Lecce,OK,1036803,36200,1036778,36481,25,-281
Pordenone,Lecco,OK,331037,11525,331037,12058,0,-533
Pordenone,Livorno,OK,406706,14239,406652,14505,54,-266
Pordenone,Lodi,OK,320956,11646,320956,12181,0,-535
Pordenone,Macerata,OK,494871,17195,494849,17476,22,-281
Pordenone,Mantova,OK,226251,6954,226250,7170,1,-216
Pordenone,Massa,OK,422805,13950,422755,14216,50,-266
Pordenone,Matera,OK,911773,32905,911755,33195,18,-290
Pordenone,Messina,OK,1276290,49212,1276815,49501,-525,-289
Pordenone,Milano,OK,341811,11334,341809,11868,2,-534
Pordenone,Modena,OK,264481,8686,264485,8954,-4,-268
Pordenone,Monza,OK,333893,10813,333893,11347,0,-534
Pordenone,Napoli,OK,799861,25477,799808,25742,53,-265
Pordenone,Novara,OK,386195,13304,386185,13837,10,-533
Pordenone,Nuoro,OK,992403,28791,944548,188705,47855,-159914
Pordenone,Olbia,OK,1060459,31827,842755,184435,217704,-152608
Pordenone,Oristano,OK,1073490,32288,1023877,192106,49613,-159818
Pordenone,Padova,OK,113896,3964,113895,4232,1,-268
Pordenone,Palermo,OK,1123340,56199,1501237,58607,-377897,-2408
Pordenone,Parma,OK,317123,10365,317122,10633,1,-268
Pordenone,Pavia,OK,388174,12758,388173,13356,1,-598
Pordenone,Perugia,OK,480932,15825,480878,16091,54,-266
Pordenone,Pesaro,OK,370015,12590,370014,12872,1,-282
Pordenone,Piacenza,OK,328233,10659,328232,11253,1,-594
Pordenone,Pisa,OK,398389,13360,398335,13617,54,-257
Pordenone,Pistoia,OK,341644,11196,342044,11498,-400,-302
Pordenone,Potenza,OK,873764,31444,873740,31725,24,-281
Pordenone,Prato,OK,325046,10814,324992,11080,54,-266
Pordenone,Ragusa,OK,1477740,58690,1478080,58978,-340,-288
Pordenone,Ravenna,OK,297479,9875,297476,10142,3,-267
Pordenone,Reggio di Calabria,OK,1278482,44589,1279007,44878,-525,-289
Pordenone,Rieti,OK,591221,19544,591164,19809,57,-265
Pordenone,Rimini,OK,337404,11207,337403,11489,1,-282
Pordenone,Roma,OK,601930,19816,601876,20081,54,-265
Pordenone,Rovigo,OK,152426,4904,152424,5175,2,-271
Pordenone,Salerno,OK,841828,27157,841775,27422,53,-265
Pordenone,Sanluri,OK,1037151,30836,1071026,193631,-33875,-162795
Pordenone,Sassari,OK,1103597,34144,941599,189800,161998,-155656
Pordenone,Savona,OK,498212,16960,498219,17558,-7,-598
Pordenone,Siena,OK,393282,13702,393227,13968,55,-266
Pordenone,Siracusa,OK,1436806,55835,1437331,56124,-525,-289
Pordenone,Sondrio,OK,390971,15103,391051,15704,-80,-601
Pordenone,Taranto,OK,971164,34432,971180,34716,-16,-284
Pordenone,Tempio Pausania,OK,1101564,34033,884917,186648,216647,-152615
Pordenone,Teramo,OK,561233,19310,561205,19584,28,-274
Pordenone,Terni,OK,555471,17529,555418,17795,53,-266
Pordenone,Torino,OK,474049,16546,474048,17079,1,-533
Pordenone,Tortolì,OK,901690,24273,1002218,191851,-100528,-167578
Pordenone,Trani,OK,846847,29248,846823,29529,24,-281
Pordenone,Trapani,OK,1223389,60144,1604191,62794,-380802,-2650
Pordenone,Trento,OK,184484,8234,163762,8468,20722,-234
Pordenone,Treviso,OK,67723,2451,67723,2719,0,-268
Pordenone,Trieste,OK,125403,4553,125374,4779,29,-226
Pordenone,Udine,OK,50430,3035,50410,3036,20,-1
Pordenone,Urbino,OK,393571,14079,393569,14361,2,-282
Pordenone,Varese,OK,390246,12769,390246,13303,0,-534
Pordenone,Venezia,OK,88773,3277,88247,3499,526,-222
Pordenone,Verbania,OK,434595,14790,434600,15323,-5,-533
Pordenone,Vercelli,OK,417250,14306,417246,14839,4,-533
Pordenone,Verona,OK,187239,5969,187238,6206,1,-237
Pordenone,Vibo Valentia,OK,1189396,41693,1189919,41981,-523,-288
Pordenone,Vicenza,OK,140495,4646,140494,4916,1,-270
Pordenone,Villacidro,OK,1064966,32211,1087940,194900,-22974,-162689
Pordenone,Viterbo,OK,543285,17530,543238,17797,47,-267
Potenza,Agrigento,OK,656865,33349,657437,33461,-572,-112
Potenza,Alessandria,OK,901864,33475,901553,33497,311,-22
Potenza,Ancona,OK,450813,17424,450813,17424,0,0
Potenza,Andria,OK,118119,6717,118119,6717,0,0
Potenza,Aosta,OK,1050117,39113,1050074,39115,43,-2
Potenza,Arezzo,OK,579950,20842,571434,20854,8516,-12
Potenza,Ascoli Piceno,OK,386117,15213,386117,15213,0,0
Potenza,Asti,OK,937532,34703,937539,34703,-7,0
Potenza,Avellino,OK,159809,7279,151292,7291,8517,-12
Potenza,Bari,OK,127094,7305,127091,7305,3,0
Potenza,Barletta,OK,120017,6792,120014,6792,3,0
Potenza,Belluno,OK,893242,32209,893233,32209,9,0
Potenza,Benevento,OK,144021,8094,144021,8094,0,0
Potenza,Bergamo,OK,892863,33186,909905,33246,-17042,-60
Potenza,Biella,OK,967627,35992,967586,35993,41,-1
Potenza,Bologna,OK,653602,25233,653590,25233,12,0
Potenza,Bolzano - Bozen,OK,934172,34227,934161,34226,11,1
Potenza,Brescia,OK,848595,31412,848583,31626,12,-214
Potenza,Brindisi,OK,218615,10310,218606,10323,9,-13
Potenza,Cagliari,OK,908718,28429,973813,192388,-65095,-163959
Potenza,Caltanissetta,OK,606396,30212,606968,30324,-572,-112
Potenza,Campobasso,OK,193955,10250,193957,10250,-2,0
Potenza,Carbonia,OK,975113,31199,1004108,194343,-28995,-163144
Potenza,Caserta,OK,199056,8931,190539,8943,8517,-12
Potenza,Catania,OK,497113,25861,497689,25973,-576,-112
Potenza,Catanzaro,OK,313025,13633,313599,13745,-574,-112
Potenza,Chieti,OK,296061,12477,304515,12567,-8454,-90
Potenza,Como,OK,917678,33492,917665,33494,13,-2
Potenza,Cosenza,OK,220037,9917,220610,10029,-573,-112
Potenza,Cremona,OK,833722,30944,833711,30943,11,1
Potenza,Crotone,OK,298529,14875,299102,14987,-573,-112
Potenza,Cuneo,OK,1010298,36540,1001788,36553,8510,-13
Potenza,Enna,OK,581033,29356,581605,29468,-572,-112
Potenza,Fermo,OK,397891,15432,397891,15432,0,0
Potenza,Ferrara,OK,695006,26537,694994,26537,12,0
Potenza,Firenze,OK,635775,22484,627584,22496,8191,-12
Potenza,Foggia,OK,106948,5579,106948,5579,0,0
Potenza,Forlì,OK,597307,23151,597295,23151,12,0
Potenza,Frosinone,OK,308628,11932,300111,11944,8517,-12
Potenza,Genova,OK,870188,30942,861671,30952,8517,-10
Potenza,Gorizia,OK,927680,34057,927684,34393,-4,-336
Potenza,Grosseto,OK,564785,21894,556268,21907,8517,-13
Potenza,Iglesias,OK,952420,30157,977137,193341,-24717,-163184
Potenza,Imperia,OK,986805,35523,978288,35535,8517,-12
Potenza,Isernia,OK,271740,11864,263224,11976,8516,-112
Potenza,L'Aquila,OK,397421,15914,380220,15805,17201,109
Potenza,La Spezia,OK,783817,27408,775300,27420,8517,-12
Potenza,Lanusei,OK,786966,22071,863070,188625,-76104,-166554
Potenza,Latina,OK,355304,14551,346787,14567,8517,-16
Potenza,Lecce,OK,254768,11746,254758,11758,10,-12
Potenza,Lecco,OK,917259,33719,917246,33721,13,-2
Potenza,Livorno,OK,725166,26165,716649,26177,8517,-12
Potenza,Lodi,OK,841135,30930,841123,30929,12,1
Potenza,Macerata,OK,434305,17020,434307,17021,-2,-1
Potenza,Mantova,OK,763815,28727,763803,28726,12,1
Potenza,Massa,OK,755788,26335,747275,26348,8513,-13
Potenza,Matera,OK,98856,5037,98824,5049,32,-12
Potenza,Messina,OK,401524,21721,402099,21833,-575,-112
Potenza,Milano,OK,865495,31724,865481,31726,14,-2
Potenza,Modena,OK,697579,27150,697573,27150,6,0
Potenza,Monza,OK,877683,32122,877670,32124,13,-2
Potenza,Napoli,OK,183349,8257,174831,8270,8518,-13
Potenza,Novara,OK,919049,34234,919027,34236,22,-2
Potenza,Nuoro,OK,859632,25747,803307,185407,56325,-159660
Potenza,Olbia,OK,927689,28783,701514,181136,226175,-152353
Potenza,Oristano,OK,940720,29244,882636,188807,58084,-159563
Potenza,Padova,OK,765938,28594,765924,28594,14,0
Potenza,Palermo,OK,625946,30825,626522,30939,-576,-114
Potenza,Parma,OK,750222,28830,750210,28829,12,1
Potenza,Pavia,OK,854368,32076,854377,32076,-9,0
Potenza,Perugia,OK,533983,20356,525465,20368,8518,-12
Potenza,Pesaro,OK,514052,19861,514040,19861,12,0
Potenza,Piacenza,OK,804696,29857,804684,29853,12,4
Potenza,Pisa,OK,716287,25692,707770,25704,8517,-12
Potenza,Pistoia,OK,674628,23581,666564,23629,8064,-48
Potenza,Pordenone,OK,874701,31457,874691,31731,10,-274
Potenza,Prato,OK,658030,23199,649513,23211,8517,-12
Potenza,Ragusa,OK,602974,31198,603364,31310,-390,-112
Potenza,Ravenna,OK,602784,23290,602772,23251,12,39
Potenza,Reggio di Calabria,OK,403716,17098,404291,17210,-575,-112
Potenza,Rieti,OK,454695,17407,446179,17413,8516,-6
Potenza,Rimini,OK,544485,20898,544473,20897,12,1
Potenza,Roma,OK,385008,14869,376491,14881,8517,-12
Potenza,Rovigo,OK,727887,27213,727891,27213,-4,0
Potenza,Salerno,OK,129396,6024,120880,6036,8516,-12
Potenza,Sanluri,OK,904380,27792,929785,190333,-25405,-162541
Potenza,Sassari,OK,970826,31100,800358,186501,170468,-155401
Potenza,Savona,OK,911426,32543,902916,32556,8510,-13
Potenza,Siena,OK,609549,22004,601032,22016,8517,-12
Potenza,Siracusa,OK,562039,28344,562615,28456,-576,-112
Potenza,Sondrio,OK,996817,37394,996871,37474,-54,-80
Potenza,Taranto,OK,154922,7704,154913,7703,9,1
Potenza,Tempio Pausania,OK,968793,30989,743676,183350,225117,-152361
Potenza,Teramo,OK,354708,14282,354705,14276,3,6
Potenza,Terni,OK,465041,17725,456525,17738,8516,-13
Potenza,Torino,OK,984529,36703,984517,36703,12,0
Potenza,Tortolì,OK,768920,21229,860977,188552,-92057,-167323
Potenza,Trani,OK,131552,7231,131552,7231,0,0
Potenza,Trapani,OK,728900,35011,729476,35126,-576,-115
Potenza,Trento,OK,878126,32028,878114,32028,12,0
Potenza,Treviso,OK,817118,30055,817109,30054,9,1
Potenza,Trieste,OK,957007,34466,956968,34834,39,-368
Potenza,Udine,OK,916921,33348,917234,33788,-313,-440
Potenza,Urbino,OK,540333,20936,540321,20935,12,1
Potenza,Varese,OK,925724,33797,925712,33799,12,-2
Potenza,Venezia,OK,802241,29523,801703,29476,538,47
Potenza,Verbania,OK,970073,35818,970065,35819,8,-1
Potenza,Vercelli,OK,950104,35236,950088,35238,16,-2
Potenza,Verona,OK,796143,29747,796138,29712,5,35
Potenza,Vibo Valentia,OK,314630,14202,315204,14313,-574,-111
Potenza,Vicenza,OK,798227,29546,798215,29547,12,-1
Potenza,Villacidro,OK,932196,29167,946699,191602,-14503,-162435
Potenza,Viterbo,OK,469508,18096,460991,18108,8517,-12
Prato,Agrigento,OK,1225427,51204,1226003,51227,-576,-23
Prato,Alessandria,OK,330502,11559,294786,11612,35716,-53
Prato,Ancona,OK,307850,12566,307851,12566,-1,0
Prato,Andria,OK,645584,22708,646356,22758,-772,-50
Prato,Aosta,OK,478755,17197,478648,17678,107,-481
Prato,Arezzo,OK,98205,3624,98207,3624,-2,0
Prato,Ascoli Piceno,OK,319919,13398,319955,13399,-36,-1
Prato,Asti,OK,366169,12787,335866,12975,30303,-188
Prato,Avellino,OK,519357,16904,519369,16963,-12,-59
Prato,Bari,OK,696204,24762,696975,24812,-771,-50
Prato,Barletta,OK,644839,22782,645608,22832,-769,-50
Prato,Belluno,OK,340779,11153,340707,11533,72,-380
Prato,Benevento,OK,502001,16787,502002,16787,-1,0
Prato,Bergamo,OK,321501,11270,338480,11809,-16979,-539
Prato,Biella,OK,396265,14076,396161,14555,104,-479
Prato,Bologna,OK,97712,4058,97638,4438,74,-380
Prato,Bolzano - Bozen,OK,362810,12311,362735,12789,75,-478
Prato,Brescia,OK,277232,9496,277157,10189,75,-693
Prato,Brindisi,OK,810411,28742,811182,28792,-771,-50
Prato,Cagliari,OK,735284,21837,808904,185784,-73620,-163947
Prato,Caltanissetta,OK,1174957,48067,1175534,48090,-577,-23
Prato,Campobasso,OK,498405,18114,498405,18170,0,-56
Prato,Carbonia,OK,801679,24607,839200,187739,-37521,-163132
Prato,Caserta,OK,467859,15109,467860,15109,-1,0
Prato,Catania,OK,1065675,43716,1066255,43739,-580,-23
Prato,Catanzaro,OK,881587,31488,882165,31511,-578,-23
Prato,Chieti,OK,468147,14976,464771,14987,3376,-11
Prato,Como,OK,346316,11576,346240,12057,76,-481
Prato,Cosenza,OK,788599,27772,789176,27795,-577,-23
Prato,Cremona,OK,262360,9028,262285,9506,75,-478
Prato,Crotone,OK,867090,32730,867668,32753,-578,-23
Prato,Cuneo,OK,356551,14003,356558,14003,-7,0
Prato,Enna,OK,1149594,47211,1150171,47234,-577,-23
Prato,Fermo,OK,328975,13276,328976,13281,-1,-5
Prato,Ferrara,OK,142543,5481,142468,5861,75,-380
Prato,Firenze,OK,27327,1698,27328,1698,-1,0
Prato,Foggia,OK,649281,20630,649304,20632,-23,-2
Prato,Forlì,OK,127594,7100,127586,7191,8,-91
Prato,Frosinone,OK,358666,11869,358668,11868,-2,1
Prato,Genova,OK,216441,8404,216441,8402,0,2
Prato,Gorizia,OK,375217,13000,375158,13717,59,-717
Prato,Grosseto,OK,160587,7591,161089,7589,-502,2
Prato,Iglesias,OK,778986,23565,812229,186738,-33243,-163173
Prato,Imperia,OK,333058,12985,333058,12985,0,0
Prato,Isernia,OK,449322,15417,449322,15473,0,-56
Prato,L'Aquila,OK,385242,12223,385241,12223,1,0
Prato,La Spezia,OK,130070,4870,130070,4870,0,0
Prato,Lanusei,OK,613531,15479,698161,182021,-84630,-166542
Prato,Latina,OK,361255,12750,361256,12732,-1,18
Prato,Lecce,OK,845785,30143,846556,30193,-771,-50
Prato,Lecco,OK,345897,11803,345821,12284,76,-481
Prato,Livorno,OK,102598,4431,102599,4431,-1,0
Prato,Lodi,OK,269773,9013,269697,9491,76,-478
Prato,Macerata,OK,296352,11741,296355,11736,-3,5
Prato,Mantova,OK,192452,6811,192377,7289,75,-478
Prato,Massa,OK,102041,3797,102045,3798,-4,-1
Prato,Matera,OK,692823,26484,693573,26547,-750,-63
Prato,Messina,OK,970085,39576,970666,39599,-581,-23
Prato,Milano,OK,294132,9808,294056,10288,76,-480
Prato,Modena,OK,126217,5234,126147,5712,70,-478
Prato,Monza,OK,306320,10206,306245,10686,75,-480
Prato,Napoli,OK,493657,15840,493658,15840,-1,0
Prato,Novara,OK,347686,12318,347602,12798,84,-480
Prato,Nuoro,OK,686198,19155,638398,178803,47800,-159648
Prato,Olbia,OK,754254,22191,536606,174533,217648,-152342
Prato,Oristano,OK,767286,22652,717728,182204,49558,-159552
Prato,Padova,OK,213475,7538,213398,7918,77,-380
Prato,Palermo,OK,817135,46562,1195088,48705,-377953,-2143
Prato,Parma,OK,178859,6913,178785,7391,74,-478
Prato,Pavia,OK,283006,10159,282951,10639,55,-480
Prato,Perugia,OK,174727,6189,174728,6189,-1,0
Prato,Pesaro,OK,250174,9973,250100,10367,74,-394
Prato,Piacenza,OK,233333,7941,233259,8416,74,-475
Prato,Pisa,OK,77626,3207,77626,3199,0,8
Prato,Pistoia,OK,20881,1043,21334,1080,-453,-37
Prato,Pordenone,OK,322238,10401,322165,11055,73,-654
Prato,Potenza,OK,647988,22635,647991,22635,-3,0
Prato,Ragusa,OK,1171535,49053,1171930,49076,-395,-23
Prato,Ravenna,OK,177638,7258,177562,7638,76,-380
Prato,Reggio di Calabria,OK,972277,34953,972857,34976,-580,-23
Prato,Rieti,OK,285016,9908,285015,9907,1,1
Prato,Rimini,OK,217564,8590,217489,8984,75,-394
Prato,Roma,OK,295725,10179,295727,10179,-2,0
Prato,Rovigo,OK,175424,6156,175365,6537,59,-381
Prato,Salerno,OK,535623,17520,535625,17520,-2,0
Prato,Sanluri,OK,730946,21199,764877,183729,-33931,-162530
Prato,Sassari,OK,797392,24508,635450,179898,161942,-155390
Prato,Savona,OK,257679,10006,257686,10006,-7,0
Prato,Siena,OK,87077,4066,87078,4066,-1,0
Prato,Siracusa,OK,1130601,46199,1131181,46222,-580,-23
Prato,Sondrio,OK,425455,15478,425446,16037,9,-559
Prato,Taranto,OK,780146,28375,780959,28428,-813,-53
Prato,Tempio Pausania,OK,795359,24396,578767,176746,216592,-152350
Prato,Teramo,OK,442885,13823,442918,13825,-33,-2
Prato,Terni,OK,249266,7893,249268,7893,-2,0
Prato,Torino,OK,413167,14787,382844,14975,30323,-188
Prato,Tortolì,OK,595485,14637,696069,181949,-100584,-167312
Prato,Trani,OK,655829,23191,656601,23241,-772,-50
Prato,Trapani,OK,917184,50507,1298042,52892,-380858,-2385
Prato,Trento,OK,306763,10112,306688,10591,75,-479
Prato,Treviso,OK,264655,8998,264583,9378,72,-380
Prato,Trieste,OK,404544,13409,404442,14158,102,-749
Prato,Udine,OK,364457,12292,364708,13112,-251,-820
Prato,Urbino,OK,201966,9479,201969,9479,-3,0
Prato,Varese,OK,354362,11881,354286,12362,76,-481
Prato,Venezia,OK,249778,8466,249177,8800,601,-334
Prato,Verbania,OK,398711,13902,398640,14382,71,-480
Prato,Vercelli,OK,378742,13320,378662,13801,80,-481
Prato,Verona,OK,224781,7831,224713,8275,68,-444
Prato,Vibo Valentia,OK,883191,32056,883770,32079,-579,-23
Prato,Vicenza,OK,245763,8490,245689,8872,74,-382
Prato,Villacidro,OK,758762,22575,781791,184998,-23029,-162423
Prato,Viterbo,OK,237080,7894,237089,7895,-9,-1
Ragusa,Agrigento,OK,135361,8005,134672,7910,689,95
Ragusa,Alessandria,OK,1488836,59851,1488345,60354,491,-503
Ragusa,Ancona,OK,1054999,48698,1054884,48701,115,-3
Ragusa,Andria,OK,695212,35821,694961,35818,251,3
Ragusa,Aosta,OK,1637089,65489,1636866,65973,223,-484
Ragusa,Arezzo,OK,1095909,47055,1095794,47058,115,-3
Ragusa,Ascoli Piceno,OK,1002589,45726,1002475,45726,114,0
Ragusa,Asti,OK,1524504,61079,1524331,61561,173,-482
Ragusa,Avellino,OK,675767,33491,675652,33495,115,-4
Ragusa,Bari,OK,650372,33990,650120,33987,252,3
Ragusa,Barletta,OK,700697,35952,700446,35949,251,3
Ragusa,Belluno,OK,1499114,59445,1498924,59828,190,-383
Ragusa,Benevento,OK,711558,34916,711442,34919,116,-3
Ragusa,Bergamo,OK,1479835,59561,1496698,60104,-16863,-543
Ragusa,Biella,OK,1554599,62368,1554379,62850,220,-482
Ragusa,Bologna,OK,1256047,52350,1255855,52733,192,-383
Ragusa,Bolzano - Bozen,OK,1521144,60603,1520953,61084,191,-481
Ragusa,Brescia,OK,1435567,57787,1435375,58484,192,-697
Ragusa,Brindisi,OK,650327,34043,650141,34057,186,-14
Ragusa,Cagliari,OK,1424677,54642,1498172,218592,-73495,-163950
Ragusa,Caltanissetta,OK,124237,7439,123908,7593,329,-154
Ragusa,Campobasso,OK,775228,38455,775113,38458,115,-3
Ragusa,Carbonia,OK,1491071,57412,1528468,220547,-37397,-163135
Ragusa,Caserta,OK,715014,35143,714899,35147,115,-4
Ragusa,Catania,OK,107234,5855,107049,5855,185,0
Ragusa,Catanzaro,OK,362104,21022,361919,21022,185,0
Ragusa,Chieti,OK,900247,43752,908586,43844,-8339,-92
Ragusa,Como,OK,1504650,59868,1504457,60352,193,-484
Ragusa,Cosenza,OK,390355,22152,390168,22152,187,0
Ragusa,Cremona,OK,1420694,57320,1420503,57801,191,-481
Ragusa,Crotone,OK,428920,24735,428734,24735,186,0
Ragusa,Cuneo,OK,1526256,62753,1526148,62757,108,-4
Ragusa,Enna,OK,122981,7931,124238,8053,-1257,-122
Ragusa,Fermo,OK,1002076,46707,1001962,46710,114,-3
Ragusa,Ferrara,OK,1300877,53773,1300686,54156,191,-383
Ragusa,Firenze,OK,1151733,48697,1151944,48699,-211,-2
Ragusa,Foggia,OK,711134,36853,711019,36856,115,-3
Ragusa,Forlì,OK,1228890,53345,1228774,53349,116,-4
Ragusa,Frosinone,OK,824586,38145,824471,38148,115,-3
Ragusa,Genova,OK,1386147,57155,1386031,57156,116,-1
Ragusa,Gorizia,OK,1533551,61292,1533375,62012,176,-720
Ragusa,Grosseto,OK,1080743,48107,1080628,48110,115,-3
Ragusa,Iglesias,OK,1468379,56370,1501497,219545,-33118,-163175
Ragusa,Imperia,OK,1502763,61736,1502648,61739,115,-3
Ragusa,Isernia,OK,787699,38077,787584,38180,115,-103
Ragusa,L'Aquila,OK,910811,42146,910664,42145,147,1
Ragusa,La Spezia,OK,1299775,53620,1299660,53624,115,-4
Ragusa,Lanusei,OK,1302924,48284,1387430,214829,-84506,-166545
Ragusa,Latina,OK,871262,40764,871147,40771,115,-7
Ragusa,Lecce,OK,686480,35479,686294,35493,186,-14
Ragusa,Lecco,OK,1504231,60095,1504039,60579,192,-484
Ragusa,Livorno,OK,1241125,52378,1241009,52381,116,-3
Ragusa,Lodi,OK,1428107,57305,1427915,57786,192,-481
Ragusa,Macerata,OK,1038490,48294,1038378,48298,112,-4
Ragusa,Mantova,OK,1350787,55103,1350595,55584,192,-481
Ragusa,Massa,OK,1271747,52548,1271635,52551,112,-3
Ragusa,Matera,OK,584912,31732,584703,31746,209,-14
Ragusa,Messina,OK,203069,9677,200569,9676,2500,1
Ragusa,Milano,OK,1452467,58100,1452273,58583,194,-483
Ragusa,Modena,OK,1284551,53526,1284365,54007,186,-481
Ragusa,Monza,OK,1464655,58498,1464462,58981,193,-483
Ragusa,Napoli,OK,699307,34470,699191,34473,116,-3
Ragusa,Novara,OK,1506021,60610,1505819,61093,202,-483
Ragusa,Nuoro,OK,1375591,51960,1327666,211611,47925,-159651
Ragusa,Olbia,OK,1443647,54996,1225874,207340,217773,-152344
Ragusa,Oristano,OK,1456678,55457,1406996,215011,49682,-159554
Ragusa,Padova,OK,1371809,55830,1371616,56213,193,-383
Ragusa,Palermo,OK,257753,13096,257424,13250,329,-154
Ragusa,Parma,OK,1337194,55205,1337002,55686,192,-481
Ragusa,Pavia,OK,1441340,58451,1441169,58934,171,-483
Ragusa,Perugia,OK,1049941,46569,1049825,46572,116,-3
Ragusa,Pesaro,OK,1118237,51136,1118111,51138,126,-2
Ragusa,Piacenza,OK,1391668,56233,1391476,56711,192,-478
Ragusa,Pisa,OK,1232245,51905,1232129,51908,116,-3
Ragusa,Pistoia,OK,1190586,49794,1190924,49833,-338,-39
Ragusa,Pordenone,OK,1480572,58693,1480383,59350,189,-657
Ragusa,Potenza,OK,604986,31353,604871,31356,115,-3
Ragusa,Prato,OK,1173988,49412,1173872,49415,116,-3
Ragusa,Ravenna,OK,1243233,53860,1243117,53826,116,34
Ragusa,Reggio di Calabria,OK,227500,15349,227315,15349,185,0
Ragusa,Rieti,OK,970654,43620,970539,43617,115,3
Ragusa,Rimini,OK,1148670,52172,1148544,52175,126,-3
Ragusa,Roma,OK,900966,41082,900851,41085,115,-3
Ragusa,Rovigo,OK,1333758,54448,1333582,54832,176,-384
Ragusa,Salerno,OK,645354,32236,645239,32239,115,-3
Ragusa,Sanluri,OK,1420339,54005,1454145,216537,-33806,-162532
Ragusa,Sassari,OK,1486784,57313,1324718,212705,162066,-155392
Ragusa,Savona,OK,1427384,58756,1427276,58760,108,-4
Ragusa,Siena,OK,1125507,48217,1125391,48220,116,-3
Ragusa,Siracusa,OK,88507,4727,88505,4708,2,19
Ragusa,Sondrio,OK,1583789,63769,1583663,64332,126,-563
Ragusa,Taranto,OK,586634,31437,586448,31437,186,0
Ragusa,Tempio Pausania,OK,1484751,57202,1268035,209554,216716,-152352
Ragusa,Teramo,OK,968455,43746,968341,43746,114,0
Ragusa,Terni,OK,981000,43938,980885,43942,115,-4
Ragusa,Torino,OK,1571501,63079,1571309,63560,192,-481
Ragusa,Tortolì,OK,1284878,47442,1385337,214756,-100459,-167314
Ragusa,Trani,OK,687527,35447,687276,35443,251,4
Ragusa,Trapani,OK,360707,17282,360378,17437,329,-155
Ragusa,Trento,OK,1465098,58404,1464906,58886,192,-482
Ragusa,Treviso,OK,1422989,57290,1422800,57673,189,-383
Ragusa,Trieste,OK,1562878,61701,1562659,62453,219,-752
Ragusa,Udine,OK,1522792,60584,1522925,61407,-133,-823
Ragusa,Urbino,OK,1139805,51839,1139684,51855,121,-16
Ragusa,Varese,OK,1512696,60173,1512504,60657,192,-484
Ragusa,Venezia,OK,1408112,56758,1407394,57095,718,-337
Ragusa,Verbania,OK,1557045,62193,1556857,62677,188,-484
Ragusa,Vercelli,OK,1537076,61612,1536880,62096,196,-484
Ragusa,Verona,OK,1383115,56123,1382930,56570,185,-447
Ragusa,Vibo Valentia,OK,299500,18735,299314,18735,186,0
Ragusa,Vicenza,OK,1404098,56782,1403906,57167,192,-385
Ragusa,Villacidro,OK,1448154,55380,1471059,217806,-22905,-162426
Ragusa,Viterbo,OK,985466,44308,985350,44312,116,-4
Ravenna,Agrigento,OK,1294258,55620,1294833,55628,-575,-8
Ravenna,Alessandria,OK,325037,11794,324734,11816,303,-22
Ravenna,Ancona,OK,165318,8472,165324,8458,-6,14
Ravenna,Andria,OK,567465,20946,567442,20931,23,15
Ravenna,Aosta,OK,473290,17432,473255,17434,35,-2
Ravenna,Arezzo,OK,153062,7066,153062,7052,0,14
Ravenna,Ascoli Piceno,OK,277823,11181,277800,11166,23,15
Ravenna,Asti,OK,360704,13022,360720,13022,-16,0
Ravenna,Avellino,OK,588189,21320,588200,21365,-11,-45
Ravenna,Bari,OK,618085,23000,618061,22984,24,16
Ravenna,Barletta,OK,566720,21020,566693,21005,27,15
Ravenna,Belluno,OK,316415,10528,316414,10528,1,0
Ravenna,Benevento,OK,570833,21202,570833,21188,0,14
Ravenna,Bergamo,OK,316036,11505,333087,11565,-17051,-60
Ravenna,Biella,OK,390800,14311,390768,14312,32,-1
Ravenna,Bologna,OK,76775,3552,76771,3552,4,0
Ravenna,Bolzano - Bozen,OK,357345,12546,357342,12546,3,0
Ravenna,Brescia,OK,271767,9731,271764,9946,3,-215
Ravenna,Brindisi,OK,732292,26980,732268,26964,24,16
Ravenna,Cagliari,OK,804116,26252,877734,190185,-73618,-163933
Ravenna,Caltanissetta,OK,1243789,52482,1244365,52491,-576,-9
Ravenna,Campobasso,OK,482199,18733,482175,18718,24,15
Ravenna,Carbonia,OK,870510,29022,908030,192141,-37520,-163119
Ravenna,Caserta,OK,536690,19524,536691,19510,-1,14
Ravenna,Catania,OK,1134506,48131,1135085,48140,-579,-9
Ravenna,Catanzaro,OK,950418,35904,950995,35912,-577,-8
Ravenna,Chieti,OK,326798,12729,326513,12703,285,26
Ravenna,Como,OK,340851,11811,340846,11813,5,-2
Ravenna,Cosenza,OK,857430,32188,858006,32196,-576,-8
Ravenna,Cremona,OK,256895,9263,256892,9262,3,1
Ravenna,Crotone,OK,935922,37146,936498,37154,-576,-8
Ravenna,Cuneo,OK,452727,17603,452732,17603,-5,0
Ravenna,Enna,OK,1218426,51627,1219001,51636,-575,-9
Ravenna,Fermo,OK,223110,9495,223087,9480,23,15
Ravenna,Ferrara,OK,74773,4409,74768,4409,5,0
Ravenna,Firenze,OK,133917,7854,133918,7852,-1,2
Ravenna,Foggia,OK,497646,18073,497623,18058,23,15
Ravenna,Forlì,OK,29330,1869,29330,1869,0,0
Ravenna,Frosinone,OK,427498,16285,427498,16270,0,15
Ravenna,Genova,OK,378852,13535,378849,13533,3,2
Ravenna,Gorizia,OK,350853,12376,350865,12712,-12,-336
Ravenna,Grosseto,OK,289321,13196,289822,13179,-501,17
Ravenna,Iglesias,OK,847818,27981,881059,191139,-33241,-163158
Ravenna,Imperia,OK,477319,17665,477317,17664,2,1
Ravenna,Isernia,OK,451262,18272,451243,18257,19,15
Ravenna,L'Aquila,OK,349905,13275,349835,13259,70,16
Ravenna,La Spezia,OK,288544,11114,288541,11114,3,0
Ravenna,Lanusei,OK,682363,19895,766992,186422,-84629,-166527
Ravenna,Latina,OK,430087,17166,430087,17133,0,33
Ravenna,Lecce,OK,767666,28381,767642,28366,24,15
Ravenna,Lecco,OK,340432,12038,340428,12040,4,-2
Ravenna,Livorno,OK,262977,11022,262921,11020,56,2
Ravenna,Lodi,OK,264308,9248,264304,9248,4,0
Ravenna,Macerata,OK,225734,9376,225713,9361,21,15
Ravenna,Mantova,OK,186987,7046,186984,7046,3,0
Ravenna,Massa,OK,279076,10733,279024,10731,52,2
Ravenna,Matera,OK,642636,25086,642620,25080,16,6
Ravenna,Messina,OK,1038917,43992,1039496,44000,-579,-8
Ravenna,Milano,OK,288667,10043,288663,10045,4,-2
Ravenna,Modena,OK,120752,5469,120754,5469,-2,0
Ravenna,Monza,OK,300856,10441,300852,10443,4,-2
Ravenna,Napoli,OK,562488,20256,562488,20241,0,15
Ravenna,Novara,OK,342222,12553,342208,12555,14,-2
Ravenna,Nuoro,OK,755030,23570,707228,183204,47802,-159634
Ravenna,Olbia,OK,823086,26607,605436,178934,217650,-152327
Ravenna,Oristano,OK,836117,27068,786558,186605,49559,-159537
Ravenna,Padova,OK,189111,6913,189106,6913,5,0
Ravenna,Palermo,OK,885967,50978,1263918,53106,-377951,-2128
Ravenna,Parma,OK,173395,7148,173392,7148,3,0
Ravenna,Pavia,OK,277541,10394,277558,10395,-17,-1
Ravenna,Perugia,OK,186555,8529,186562,8515,-7,14
Ravenna,Pesaro,OK,100878,4771,100878,4756,0,15
Ravenna,Piacenza,OK,227869,8176,227865,8172,4,4
Ravenna,Pisa,OK,254660,10144,254605,10132,55,12
Ravenna,Pistoia,OK,197915,7979,198313,8013,-398,-34
Ravenna,Pordenone,OK,297874,9776,297873,10050,1,-274
Ravenna,Potenza,OK,604627,23625,604604,23609,23,16
Ravenna,Prato,OK,181317,7597,181262,7595,55,2
Ravenna,Ragusa,OK,1240367,53469,1240761,53478,-394,-9
Ravenna,Reggio di Calabria,OK,1041109,39369,1041688,39377,-579,-8
Ravenna,Rieti,OK,296836,12853,296832,12838,4,15
Ravenna,Rimini,OK,54383,3199,54692,3184,-309,15
Ravenna,Roma,OK,364557,14595,364557,14580,0,15
Ravenna,Rovigo,OK,151060,5532,151072,5532,-12,0
Ravenna,Salerno,OK,604455,21936,604455,21921,0,15
Ravenna,Sanluri,OK,799778,25615,833707,188130,-33929,-162515
Ravenna,Sassari,OK,866223,28924,704280,184299,161943,-155375
Ravenna,Savona,OK,401940,14685,401945,14685,-5,0
Ravenna,Siena,OK,219031,9691,219031,9676,0,15
Ravenna,Siracusa,OK,1199432,50615,1200011,50623,-579,-8
Ravenna,Sondrio,OK,419990,15713,420053,15794,-63,-81
Ravenna,Taranto,OK,702027,26613,702045,26600,-18,13
Ravenna,Tempio Pausania,OK,864190,28812,647597,181148,216593,-152336
Ravenna,Teramo,OK,292096,11491,292069,11469,27,22
Ravenna,Terni,OK,261085,10838,261086,10823,-1,15
Ravenna,Torino,OK,407702,15022,407699,15022,3,0
Ravenna,Tortolì,OK,664317,19052,764899,186350,-100582,-167298
Ravenna,Trani,OK,577710,21429,577687,21414,23,15
Ravenna,Trapani,OK,986016,54923,1366872,57293,-380856,-2370
Ravenna,Trento,OK,301298,10347,301295,10347,3,0
Ravenna,Treviso,OK,240291,8374,240290,8373,1,1
Ravenna,Trieste,OK,380179,12785,380149,13153,30,-368
Ravenna,Udine,OK,340093,11667,340415,12107,-322,-440
Ravenna,Urbino,OK,124434,6260,124434,6245,0,15
Ravenna,Varese,OK,348897,12116,348893,12118,4,-2
Ravenna,Venezia,OK,225414,7842,224885,7795,529,47
Ravenna,Verbania,OK,393246,14137,393247,14138,-1,-1
Ravenna,Vercelli,OK,373277,13555,373269,13557,8,-2
Ravenna,Verona,OK,219316,8066,219320,8031,-4,35
Ravenna,Vibo Valentia,OK,952023,36472,952600,36481,-577,-9
Ravenna,Vicenza,OK,221399,7865,221396,7867,3,-2
Ravenna,Villacidro,OK,827593,26991,850621,189399,-23028,-162408
Ravenna,Viterbo,OK,305912,12310,305919,12296,-7,14
Reggio di Calabria,Agrigento,OK,278675,17301,278671,17301,4,0
Reggio di Calabria,Alessandria,OK,1284527,45328,1284220,45832,307,-504
Reggio di Calabria,Ancona,OK,850690,34176,850760,34179,-70,-3
Reggio di Calabria,Andria,OK,490903,21299,490836,21295,67,4
Reggio di Calabria,Aosta,OK,1432780,50966,1432742,51450,38,-484
Reggio di Calabria,Arezzo,OK,891599,32532,891670,32535,-71,-3
Reggio di Calabria,Ascoli Piceno,OK,798280,31204,798350,31204,-70,0
Reggio di Calabria,Asti,OK,1320194,46556,1320206,47038,-12,-482
Reggio di Calabria,Avellino,OK,471458,18969,471527,18972,-69,-3
Reggio di Calabria,Bari,OK,446062,19468,445996,19464,66,4
Reggio di Calabria,Barletta,OK,496388,21430,496322,21426,66,4
Reggio di Calabria,Belluno,OK,1294804,44922,1294800,45305,4,-383
Reggio di Calabria,Benevento,OK,507249,20394,507318,20397,-69,-3
Reggio di Calabria,Bergamo,OK,1275526,45039,1292573,45581,-17047,-542
Reggio di Calabria,Biella,OK,1350290,47846,1350254,48328,36,-482
Reggio di Calabria,Bologna,OK,1051737,37827,1051731,38210,6,-383
Reggio di Calabria,Bolzano - Bozen,OK,1316835,46080,1316828,46561,7,-481
Reggio di Calabria,Brescia,OK,1231257,43265,1231251,43961,6,-696
Reggio di Calabria,Brindisi,OK,446018,19520,446016,19534,2,-14
Reggio di Calabria,Cagliari,OK,1220367,40120,1294048,204069,-73681,-163949
Reggio di Calabria,Caltanissetta,OK,228206,14163,228202,14163,4,0
Reggio di Calabria,Campobasso,OK,570919,23933,570988,23936,-69,-3
Reggio di Calabria,Carbonia,OK,1286762,42890,1324344,206024,-37582,-163134
Reggio di Calabria,Caserta,OK,510705,20621,510774,20624,-69,-3
Reggio di Calabria,Catania,OK,118923,9812,118923,9812,0,0
Reggio di Calabria,Catanzaro,OK,157795,6500,157795,6500,0,0
Reggio di Calabria,Chieti,OK,695937,29229,704462,29322,-8525,-93
Reggio di Calabria,Como,OK,1300341,45346,1300333,45829,8,-483
Reggio di Calabria,Cosenza,OK,186045,7629,186044,7629,1,0
Reggio di Calabria,Cremona,OK,1216385,42797,1216378,43278,7,-481
Reggio di Calabria,Crotone,OK,224611,10212,224610,10212,1,0
Reggio di Calabria,Cuneo,OK,1321947,48231,1322023,48234,-76,-3
Reggio di Calabria,Enna,OK,202842,13308,202839,13308,3,0
Reggio di Calabria,Fermo,OK,797767,32184,797838,32187,-71,-3
Reggio di Calabria,Ferrara,OK,1096568,39250,1096561,39633,7,-383
Reggio di Calabria,Firenze,OK,947424,34174,947820,34177,-396,-3
Reggio di Calabria,Foggia,OK,506824,22330,506895,22334,-71,-4
Reggio di Calabria,Forlì,OK,1024581,38823,1024650,38826,-69,-3
Reggio di Calabria,Frosinone,OK,620277,23622,620346,23625,-69,-3
Reggio di Calabria,Genova,OK,1181838,42632,1181907,42633,-69,-1
Reggio di Calabria,Gorizia,OK,1329242,46770,1329251,47490,-9,-720
Reggio di Calabria,Grosseto,OK,876434,33585,876504,33588,-70,-3
Reggio di Calabria,Iglesias,OK,1264069,41848,1297373,205022,-33304,-163174
Reggio di Calabria,Imperia,OK,1298454,47213,1298524,47216,-70,-3
Reggio di Calabria,Isernia,OK,583390,23554,583459,23657,-69,-103
Reggio di Calabria,L'Aquila,OK,706502,27624,706540,27622,-38,2
Reggio di Calabria,La Spezia,OK,1095466,39098,1095535,39101,-69,-3
Reggio di Calabria,Lanusei,OK,1098615,33762,1183305,200306,-84690,-166544
Reggio di Calabria,Latina,OK,666953,26242,667022,26248,-69,-6
Reggio di Calabria,Lecce,OK,482170,20956,482169,20970,1,-14
Reggio di Calabria,Lecco,OK,1299922,45573,1299914,46056,8,-483
Reggio di Calabria,Livorno,OK,1036815,37855,1036885,37858,-70,-3
Reggio di Calabria,Lodi,OK,1223798,42783,1223791,43264,7,-481
Reggio di Calabria,Macerata,OK,834181,33772,834254,33775,-73,-3
Reggio di Calabria,Mantova,OK,1146477,40580,1146471,41061,6,-481
Reggio di Calabria,Massa,OK,1067438,38025,1067510,38029,-72,-4
Reggio di Calabria,Matera,OK,380602,17210,380579,17224,23,-14
Reggio di Calabria,Messina,OK,23333,5672,23333,5672,0,0
Reggio di Calabria,Milano,OK,1248157,43577,1248149,44061,8,-484
Reggio di Calabria,Modena,OK,1080242,39003,1080241,39485,1,-482
Reggio di Calabria,Monza,OK,1260346,43975,1260338,44459,8,-484
Reggio di Calabria,Napoli,OK,494998,19948,495067,19951,-69,-3
Reggio di Calabria,Novara,OK,1301711,46087,1301695,46571,16,-484
Reggio di Calabria,Nuoro,OK,1171282,37438,1123542,197088,47740,-159650
Reggio di Calabria,Olbia,OK,1239338,40474,1021750,192818,217588,-152344
Reggio di Calabria,Oristano,OK,1252369,40935,1202872,200488,49497,-159553
Reggio di Calabria,Padova,OK,1167500,41307,1167491,41690,9,-383
Reggio di Calabria,Palermo,OK,247755,14776,247755,14779,0,-3
Reggio di Calabria,Parma,OK,1132885,40683,1132878,41164,7,-481
Reggio di Calabria,Pavia,OK,1237031,43929,1237045,44411,-14,-482
Reggio di Calabria,Perugia,OK,845632,32046,845701,32049,-69,-3
Reggio di Calabria,Pesaro,OK,913928,36613,913987,36616,-59,-3
Reggio di Calabria,Piacenza,OK,1187359,41711,1187352,42188,7,-477
Reggio di Calabria,Pisa,OK,1027936,37382,1028005,37385,-69,-3
Reggio di Calabria,Pistoia,OK,986277,35271,986799,35310,-522,-39
Reggio di Calabria,Pordenone,OK,1276263,44170,1276259,44827,4,-657
Reggio di Calabria,Potenza,OK,400676,16830,400747,16833,-71,-3
Reggio di Calabria,Prato,OK,969679,34889,969748,34892,-69,-3
Reggio di Calabria,Ragusa,OK,224783,15149,224598,15150,185,-1
Reggio di Calabria,Ravenna,OK,1038924,39338,1038993,39303,-69,35
Reggio di Calabria,Rieti,OK,766344,29098,766414,29094,-70,4
Reggio di Calabria,Rimini,OK,944361,37650,944420,37652,-59,-2
Reggio di Calabria,Roma,OK,696657,26559,696726,26562,-69,-3
Reggio di Calabria,Rovigo,OK,1129449,39926,1129458,40309,-9,-383
Reggio di Calabria,Salerno,OK,441045,17714,441115,17717,-70,-3
Reggio di Calabria,Sanluri,OK,1216029,39482,1250020,202014,-33991,-162532
Reggio di Calabria,Sassari,OK,1282475,42791,1120594,198183,161881,-155392
Reggio di Calabria,Savona,OK,1223075,44234,1223152,44237,-77,-3
Reggio di Calabria,Siena,OK,921198,33694,921267,33697,-69,-3
Reggio di Calabria,Siracusa,OK,183849,12295,183849,12295,0,0
Reggio di Calabria,Sondrio,OK,1379480,49247,1379539,49809,-59,-562
Reggio di Calabria,Taranto,OK,382325,16914,382324,16914,1,0
Reggio di Calabria,Tempio Pausania,OK,1280442,42679,1063911,195031,216531,-152352
Reggio di Calabria,Teramo,OK,764146,29224,764216,29224,-70,0
Reggio di Calabria,Terni,OK,776690,29416,776761,29419,-71,-3
Reggio di Calabria,Torino,OK,1367192,48557,1367185,49038,7,-481
Reggio di Calabria,Tortolì,OK,1080569,32920,1181213,200233,-100644,-167313
Reggio di Calabria,Trani,OK,483218,20924,483151,20921,67,3
Reggio di Calabria,Trapani,OK,350709,18963,350710,18965,-1,-2
Reggio di Calabria,Trento,OK,1260788,43882,1260782,44363,6,-481
Reggio di Calabria,Treviso,OK,1218680,42768,1218676,43150,4,-382
Reggio di Calabria,Trieste,OK,1358569,47179,1358535,47930,34,-751
Reggio di Calabria,Udine,OK,1318483,46061,1318801,46885,-318,-824
Reggio di Calabria,Urbino,OK,935496,37317,935559,37332,-63,-15
Reggio di Calabria,Varese,OK,1308387,45651,1308379,46134,8,-483
Reggio di Calabria,Venezia,OK,1203803,42236,1203270,42573,533,-337
Reggio di Calabria,Verbania,OK,1352736,47671,1352733,48154,3,-483
Reggio di Calabria,Vercelli,OK,1332767,47090,1332756,47573,11,-483
Reggio di Calabria,Verona,OK,1178806,41600,1178806,42047,0,-447
Reggio di Calabria,Vibo Valentia,OK,95191,4213,95190,4213,1,0
Reggio di Calabria,Vicenza,OK,1199789,42259,1199782,42644,7,-385
Reggio di Calabria,Villacidro,OK,1243845,40858,1266935,203283,-23090,-162425
Reggio di Calabria,Viterbo,OK,781157,29786,781226,29789,-69,-3
Rieti,Agrigento,OK,1014308,45245,1014883,45269,-575,-24
Rieti,Alessandria,OK,600261,20349,599885,20849,376,-500
Rieti,Ancona,OK,252735,9948,252634,9940,101,8
Rieti,Andria,OK,413070,15694,412969,15686,101,8
Rieti,Aosta,OK,748514,25987,748407,26468,107,-481
Rieti,Arezzo,OK,207334,7553,207335,7553,-1,0
Rieti,Ascoli Piceno,OK,105690,5784,105690,5778,0,6
Rieti,Asti,OK,635929,21577,635871,22056,58,-479
Rieti,Avellino,OK,308238,10945,308249,11005,-11,-60
Rieti,Bari,OK,463689,17747,463589,17740,100,7
Rieti,Barletta,OK,412324,15768,412221,15760,103,8
Rieti,Belluno,OK,610539,19943,610465,20323,74,-380
Rieti,Benevento,OK,290882,10828,290882,10828,0,0
Rieti,Bergamo,OK,591260,20060,608238,20599,-16978,-539
Rieti,Biella,OK,666024,22866,665919,23345,105,-479
Rieti,Bologna,OK,367472,12848,367396,13228,76,-380
Rieti,Bolzano - Bozen,OK,632570,21101,632493,21579,77,-478
Rieti,Brescia,OK,546992,18286,546916,18979,76,-693
Rieti,Brindisi,OK,577897,21728,577795,21720,102,8
Rieti,Cagliari,OK,599303,17576,672915,181506,-73612,-163930
Rieti,Caltanissetta,OK,963838,42108,964414,42131,-576,-23
Rieti,Campobasso,OK,287286,12155,287285,12211,1,-56
Rieti,Carbonia,OK,665698,20346,703211,183462,-37513,-163116
Rieti,Caserta,OK,256740,9150,256740,9150,0,0
Rieti,Catania,OK,854556,37757,855135,37780,-579,-23
Rieti,Catanzaro,OK,670468,25529,671045,25552,-577,-23
Rieti,Chieti,OK,167948,7250,164550,7260,3398,-10
Rieti,Como,OK,616075,20366,615998,20847,77,-481
Rieti,Cosenza,OK,577479,21814,578056,21836,-577,-22
Rieti,Cremona,OK,532120,17818,532043,18296,77,-478
Rieti,Crotone,OK,655971,26771,656548,26794,-577,-23
Rieti,Cuneo,OK,637681,23251,637688,23252,-7,-1
Rieti,Enna,OK,938475,41252,939051,41276,-576,-24
Rieti,Fermo,OK,199813,7956,199712,7949,101,7
Rieti,Ferrara,OK,412303,14271,412226,14651,77,-380
Rieti,Firenze,OK,263158,9195,263485,9194,-327,1
Rieti,Foggia,OK,343251,12821,343150,12813,101,8
Rieti,Forlì,OK,282596,12277,282596,12277,0,0
Rieti,Frosinone,OK,147547,5910,147547,5910,0,0
Rieti,Genova,OK,497572,17653,497572,17651,0,2
Rieti,Gorizia,OK,644976,21790,644916,22508,60,-718
Rieti,Grosseto,OK,255370,11041,255370,11025,0,16
Rieti,Iglesias,OK,643005,19304,676239,182460,-33234,-163156
Rieti,Imperia,OK,614188,22234,614189,22234,-1,0
Rieti,Isernia,OK,238203,9458,238202,9514,1,-56
Rieti,L'Aquila,OK,58081,3165,57948,3155,133,10
Rieti,La Spezia,OK,411200,14119,411200,14119,0,0
Rieti,Lanusei,OK,477551,11218,562172,177744,-84621,-166526
Rieti,Latina,OK,145887,6600,145887,6581,0,19
Rieti,Lecce,OK,613271,23129,613169,23121,102,8
Rieti,Lecco,OK,615656,20593,615579,21074,77,-481
Rieti,Livorno,OK,352550,12876,352550,12876,0,0
Rieti,Lodi,OK,539532,17804,539456,18282,76,-478
Rieti,Macerata,OK,162814,8848,162863,8842,-49,6
Rieti,Mantova,OK,462212,15601,462136,16079,76,-478
Rieti,Massa,OK,383172,13046,383175,13047,-3,-1
Rieti,Matera,OK,488241,19833,488147,19835,94,-2
Rieti,Messina,OK,758966,33617,759545,33640,-579,-23
Rieti,Milano,OK,563892,18598,563814,19078,78,-480
Rieti,Modena,OK,395976,14024,395906,14502,70,-478
Rieti,Monza,OK,576080,18996,576003,19476,77,-480
Rieti,Napoli,OK,282538,9881,282538,9881,0,0
Rieti,Novara,OK,617446,21108,617360,21588,86,-480
Rieti,Nuoro,OK,550218,14894,502409,174525,47809,-159631
Rieti,Olbia,OK,618274,17930,400616,170255,217658,-152325
Rieti,Oristano,OK,631305,18391,581738,177926,49567,-159535
Rieti,Padova,OK,483235,16328,483156,16708,79,-380
Rieti,Palermo,OK,606016,40604,983967,42747,-377951,-2143
Rieti,Parma,OK,448619,15704,448543,16181,76,-477
Rieti,Pavia,OK,552766,18950,552710,19429,56,-479
Rieti,Perugia,OK,117504,5276,117503,5276,1,0
Rieti,Pesaro,OK,242196,11716,242191,11717,5,-1
Rieti,Piacenza,OK,503093,16731,503017,17206,76,-475
Rieti,Pisa,OK,343670,12403,343670,12403,0,0
Rieti,Pistoia,OK,302011,10292,302464,10328,-453,-36
Rieti,Pordenone,OK,591997,19191,591924,19845,73,-654
Rieti,Potenza,OK,436869,16677,436871,16677,-2,0
Rieti,Prato,OK,285413,9910,285413,9910,0,0
Rieti,Ragusa,OK,960416,43094,960810,43118,-394,-24
Rieti,Ravenna,OK,296939,12791,296938,12754,1,37
Rieti,Reggio di Calabria,OK,761158,28994,761737,29017,-579,-23
Rieti,Rimini,OK,269673,12612,269714,12613,-41,-1
Rieti,Roma,OK,80357,4029,80357,4029,0,0
Rieti,Rovigo,OK,445183,14946,445123,15327,60,-381
Rieti,Salerno,OK,324504,11562,324505,11561,-1,1
Rieti,Sanluri,OK,594965,16939,628887,179451,-33922,-162512
Rieti,Sassari,OK,661411,20247,499460,175620,161951,-155373
Rieti,Savona,OK,538809,19255,538817,19255,-8,0
Rieti,Siena,OK,236932,8715,236932,8715,0,0
Rieti,Siracusa,OK,919482,40240,920061,40263,-579,-23
Rieti,Sondrio,OK,695214,24268,695204,24827,10,-559
Rieti,Taranto,OK,547632,21361,547572,21356,60,5
Rieti,Tempio Pausania,OK,659378,20136,442778,172469,216600,-152333
Rieti,Teramo,OK,117178,4845,117078,4838,100,7
Rieti,Terni,OK,36375,2099,36375,2099,0,0
Rieti,Torino,OK,682926,23577,682850,24055,76,-478
Rieti,Tortolì,OK,459505,10376,560079,177671,-100574,-167295
Rieti,Trani,OK,423315,16177,423214,16169,101,8
Rieti,Trapani,OK,706065,44548,1086921,46933,-380856,-2385
Rieti,Trento,OK,576523,18902,576447,19381,76,-479
Rieti,Treviso,OK,534415,17788,534341,18168,74,-380
Rieti,Trieste,OK,674303,22199,674200,22948,103,-749
Rieti,Udine,OK,634217,21082,634466,21902,-249,-820
Rieti,Urbino,OK,207368,10547,207362,10559,6,-12
Rieti,Varese,OK,624121,20671,624044,21152,77,-481
Rieti,Venezia,OK,519537,17256,518935,17590,602,-334
Rieti,Verbania,OK,668470,22692,668398,23172,72,-480
Rieti,Vercelli,OK,648502,22110,648421,22591,81,-481
Rieti,Verona,OK,494541,16621,494471,17065,70,-444
Rieti,Vibo Valentia,OK,672072,26098,672649,26121,-577,-23
Rieti,Vicenza,OK,515523,17280,515447,17662,76,-382
Rieti,Villacidro,OK,622781,18314,645801,180720,-23020,-162406
Rieti,Viterbo,OK,95400,4678,95400,4678,0,0
Rimini,Agrigento,OK,1200724,54014,1201275,54126,-551,-112
Rimini,Alessandria,OK,363016,13275,362717,13297,299,-22
Rimini,Ancona,OK,105434,5648,105440,5648,-6,0
Rimini,Andria,OK,507582,18122,507558,18121,24,1
Rimini,Aosta,OK,511270,18913,511238,18916,32,-3
Rimini,Arezzo,OK,125618,6862,125661,6863,-43,-1
Rimini,Ascoli Piceno,OK,217939,8357,217916,8356,23,1
Rimini,Asti,OK,398684,14503,398703,14504,-19,-1
Rimini,Avellino,OK,534744,19984,534725,20042,19,-58
Rimini,Bari,OK,558201,20175,558178,20174,23,1
Rimini,Barletta,OK,506836,18196,506810,18195,26,1
Rimini,Belluno,OK,354395,12009,354397,12009,-2,0
Rimini,Benevento,OK,490758,19602,490734,19601,24,1
Rimini,Bergamo,OK,354016,12986,371070,13047,-17054,-61
Rimini,Biella,OK,428780,15792,428751,15793,29,-1
Rimini,Bologna,OK,114754,5033,114754,5033,0,0
Rimini,Bolzano - Bozen,OK,395325,14027,395325,14027,0,0
Rimini,Brescia,OK,309747,11212,309747,11427,0,-215
Rimini,Brindisi,OK,672408,24155,672384,24154,24,1
Rimini,Cagliari,OK,776672,26048,850334,189997,-73662,-163949
Rimini,Caltanissetta,OK,1150255,50877,1150807,50988,-552,-111
Rimini,Campobasso,OK,422315,15909,422291,15908,24,1
Rimini,Carbonia,OK,843067,28818,880629,191952,-37562,-163134
Rimini,Caserta,OK,483245,18189,483216,18188,29,1
Rimini,Catania,OK,1040972,46526,1041528,46637,-556,-111
Rimini,Catanzaro,OK,856884,34298,857438,34409,-554,-111
Rimini,Chieti,OK,266914,9905,266629,9893,285,12
Rimini,Como,OK,378830,13292,378829,13295,1,-3
Rimini,Cosenza,OK,763896,30582,764449,30694,-553,-112
Rimini,Cremona,OK,294875,10744,294875,10744,0,0
Rimini,Crotone,OK,855098,34559,855074,34558,24,1
Rimini,Cuneo,OK,490707,19084,490715,19085,-8,-1
Rimini,Enna,OK,1124891,50021,1125444,50133,-553,-112
Rimini,Fermo,OK,163227,6671,163203,6670,24,1
Rimini,Ferrara,OK,156159,6338,156158,6338,1,0
Rimini,Firenze,OK,178247,9101,178248,9097,-1,4
Rimini,Foggia,OK,437762,15249,437739,15247,23,2
Rimini,Forlì,OK,58460,2951,58460,2951,0,0
Rimini,Frosinone,OK,407291,15056,407482,15060,-191,-4
Rimini,Genova,OK,416832,15016,416832,15014,0,2
Rimini,Gorizia,OK,388832,13857,388848,14194,-16,-337
Rimini,Grosseto,OK,261878,12991,262421,12991,-543,0
Rimini,Iglesias,OK,820374,27776,853658,190950,-33284,-163174
Rimini,Imperia,OK,515299,19146,515300,19146,-1,0
Rimini,Isernia,OK,391378,15448,391360,15447,18,1
Rimini,L'Aquila,OK,290021,10451,289951,10448,70,3
Rimini,La Spezia,OK,326524,12595,326524,12595,0,0
Rimini,Lanusei,OK,654920,19690,739591,186234,-84671,-166544
Rimini,Latina,OK,456094,16649,456085,16612,9,37
Rimini,Lecce,OK,707782,25557,707758,25556,24,1
Rimini,Lecco,OK,378411,13520,378411,13522,0,-2
Rimini,Livorno,OK,300957,12504,300904,12501,53,3
Rimini,Lodi,OK,302288,10730,302287,10729,1,1
Rimini,Macerata,OK,165850,6551,165829,6550,21,1
Rimini,Mantova,OK,224967,8527,224967,8527,0,0
Rimini,Massa,OK,317056,12215,317007,12213,49,2
Rimini,Matera,OK,582752,22261,582736,22269,16,-8
Rimini,Messina,OK,945383,42386,945938,42497,-555,-111
Rimini,Milano,OK,326647,11524,326646,11526,1,-2
Rimini,Modena,OK,158732,6950,158737,6950,-5,0
Rimini,Monza,OK,338835,11922,338835,11924,0,-2
Rimini,Napoli,OK,509043,18921,509014,18919,29,2
Rimini,Novara,OK,380201,14034,380191,14036,10,-2
Rimini,Nuoro,OK,727587,23366,679828,183016,47759,-159650
Rimini,Olbia,OK,795643,26402,578035,178745,217608,-152343
Rimini,Oristano,OK,808674,26863,759157,186416,49517,-159553
Rimini,Padova,OK,227091,8395,227089,8394,2,1
Rimini,Palermo,OK,832522,49643,1170360,51604,-337838,-1961
Rimini,Parma,OK,211374,8630,211374,8629,0,1
Rimini,Pavia,OK,315521,11876,315541,11877,-20,-1
Rimini,Perugia,OK,159636,8354,159686,8356,-50,-2
Rimini,Pesaro,OK,40994,1946,40994,1946,0,0
Rimini,Piacenza,OK,265848,9657,265848,9654,0,3
Rimini,Pisa,OK,292640,11625,292588,11614,52,11
Rimini,Pistoia,OK,235895,9461,236296,9495,-401,-34
Rimini,Pordenone,OK,335853,11258,335856,11531,-3,-273
Rimini,Potenza,OK,544744,20800,544720,20799,24,1
Rimini,Prato,OK,219297,9078,219244,9076,53,2
Rimini,Ragusa,OK,1146832,51863,1147203,51975,-371,-112
Rimini,Ravenna,OK,51918,2925,53251,2902,-1333,23
Rimini,Reggio di Calabria,OK,947574,37763,948130,37874,-556,-111
Rimini,Rieti,OK,269917,12678,269956,12679,-39,-1
Rimini,Roma,OK,400732,14163,400722,14146,10,17
Rimini,Rovigo,OK,189039,7013,189055,7014,-16,-1
Rimini,Salerno,OK,551010,20601,550981,20599,29,2
Rimini,Sanluri,OK,772334,25411,806306,187942,-33972,-162531
Rimini,Sassari,OK,838780,28719,676879,184110,161901,-155391
Rimini,Savona,OK,439920,16167,439928,16167,-8,0
Rimini,Siena,OK,191588,9486,191631,9487,-43,-1
Rimini,Siracusa,OK,1105898,49009,1106454,49120,-556,-111
Rimini,Sondrio,OK,457970,17194,458035,17275,-65,-81
Rimini,Taranto,OK,642143,23789,642161,23790,-18,-1
Rimini,Tempio Pausania,OK,836747,28608,620197,180959,216550,-152351
Rimini,Teramo,OK,232212,8666,232186,8659,26,7
Rimini,Terni,OK,234167,10663,234210,10664,-43,-1
Rimini,Torino,OK,445681,16503,445681,16503,0,0
Rimini,Tortolì,OK,636874,18848,737498,186161,-100624,-167313
Rimini,Trani,OK,517827,18605,517803,18604,24,1
Rimini,Trapani,OK,932571,53588,1273314,55790,-340743,-2202
Rimini,Trento,OK,339278,11829,339278,11829,0,0
Rimini,Treviso,OK,278271,9855,278273,9855,-2,0
Rimini,Trieste,OK,418159,14266,418132,14634,27,-368
Rimini,Udine,OK,378073,13148,378398,13589,-325,-441
Rimini,Urbino,OK,64550,3435,64550,3435,0,0
Rimini,Varese,OK,386877,13597,386876,13600,1,-3
Rimini,Venezia,OK,263393,9323,262867,9277,526,46
Rimini,Verbania,OK,431225,15618,431230,15620,-5,-2
Rimini,Vercelli,OK,411257,15036,411252,15039,5,-3
Rimini,Verona,OK,257296,9547,257303,9513,-7,34
Rimini,Vibo Valentia,OK,858489,34867,859042,34978,-553,-111
Rimini,Vicenza,OK,259379,9347,259379,9348,0,-1
Rimini,Villacidro,OK,800150,26786,823220,189211,-23070,-162425
Rimini,Viterbo,OK,278468,12105,278518,12107,-50,-2
Roma,Agrigento,OK,950863,42720,951437,42744,-574,-24
Roma,Alessandria,OK,612172,20665,611797,21165,375,-500
Roma,Ancona,OK,310015,10591,310044,10593,-29,-2
Roma,Andria,OK,371020,14225,371790,14275,-770,-50
Roma,Aosta,OK,760425,26303,760318,26784,107,-481
Roma,Arezzo,OK,219245,7869,219246,7869,-1,0
Roma,Ascoli Piceno,OK,208592,7468,208622,7470,-30,-2
Roma,Asti,OK,647840,21893,647783,22372,57,-479
Roma,Avellino,OK,244793,8420,244803,8480,-10,-60
Roma,Bari,OK,421640,16278,422409,16328,-769,-50
Roma,Barletta,OK,370275,14299,371041,14349,-766,-50
Roma,Belluno,OK,622450,20259,622376,20639,74,-380
Roma,Benevento,OK,227437,8303,227436,8303,1,0
Roma,Bergamo,OK,603171,20375,620149,20915,-16978,-540
Roma,Biella,OK,677935,23182,677830,23661,105,-479
Roma,Bologna,OK,379383,13164,379307,13544,76,-380
Roma,Bolzano - Bozen,OK,644480,21417,644405,21895,75,-478
Roma,Brescia,OK,558903,18601,558827,19295,76,-694
Roma,Brindisi,OK,535847,20258,536616,20308,-769,-50
Roma,Cagliari,OK,520944,14561,594556,178508,-73612,-163947
Roma,Caltanissetta,OK,900393,39583,900968,39606,-575,-23
Roma,Campobasso,OK,223841,9630,223839,9686,2,-56
Roma,Carbonia,OK,587339,17331,624851,180463,-37512,-163132
Roma,Caserta,OK,193295,6625,193294,6625,1,0
Roma,Catania,OK,791111,35232,791689,35255,-578,-23
Roma,Catanzaro,OK,607023,23004,607599,23028,-576,-24
Roma,Chieti,OK,199719,6641,196342,6653,3377,-12
Roma,Como,OK,627986,20682,627909,21163,77,-481
Roma,Cosenza,OK,514034,19288,514610,19312,-576,-24
Roma,Cremona,OK,544030,18134,543955,18612,75,-478
Roma,Crotone,OK,592526,24246,593102,24269,-576,-23
Roma,Cuneo,OK,649592,23567,649599,23568,-7,-1
Roma,Enna,OK,875030,38727,875605,38751,-575,-24
Roma,Fermo,OK,257092,8599,257122,8601,-30,-2
Roma,Ferrara,OK,424213,14587,424137,14967,76,-380
Roma,Firenze,OK,275069,9511,275396,9510,-327,1
Roma,Foggia,OK,380854,12295,380874,12297,-20,-2
Roma,Forlì,OK,352226,14159,352226,14159,0,0
Roma,Frosinone,OK,84102,3385,84101,3385,1,0
Roma,Genova,OK,509483,17969,509483,17967,0,2
Roma,Gorizia,OK,656887,22106,656827,22823,60,-717
Roma,Grosseto,OK,177011,8026,177011,8026,0,0
Roma,Iglesias,OK,564646,16289,597880,179461,-33234,-163172
Roma,Imperia,OK,626099,22550,626100,22550,-1,0
Roma,Isernia,OK,174758,6933,174756,6989,2,-56
Roma,L'Aquila,OK,116814,3888,116812,3888,2,0
Roma,La Spezia,OK,423111,14434,423111,14434,0,0
Roma,Lanusei,OK,399192,8203,483813,174745,-84621,-166542
Roma,Latina,OK,70028,3414,70028,3414,0,0
Roma,Lecce,OK,571221,21660,571990,21710,-769,-50
Roma,Lecco,OK,627567,20909,627490,21390,77,-481
Roma,Livorno,OK,364461,13192,364461,13192,0,0
Roma,Lodi,OK,551443,18119,551367,18597,76,-478
Roma,Macerata,OK,293506,10187,293538,10190,-32,-3
Roma,Mantova,OK,474123,15917,474047,16395,76,-478
Roma,Massa,OK,395083,13362,395086,13362,-3,0
Roma,Matera,OK,418259,18000,419006,18064,-747,-64
Roma,Messina,OK,695521,31092,696100,31115,-579,-23
Roma,Milano,OK,575803,18914,575725,19394,78,-480
Roma,Modena,OK,407887,14340,407817,14818,70,-478
Roma,Monza,OK,587991,19312,587914,19792,77,-480
Roma,Napoli,OK,219093,7356,219092,7357,1,-1
Roma,Novara,OK,629357,21424,629271,21904,86,-480
Roma,Nuoro,OK,471858,11879,424049,171527,47809,-159648
Roma,Olbia,OK,539914,14915,322257,167256,217657,-152341
Roma,Oristano,OK,552946,15376,503379,174927,49567,-159551
Roma,Padova,OK,495145,16644,495068,17024,77,-380
Roma,Palermo,OK,542571,38079,920522,40222,-377951,-2143
Roma,Parma,OK,460530,16019,460454,16497,76,-478
Roma,Pavia,OK,564676,19265,564621,19745,55,-480
Roma,Perugia,OK,173277,7383,173277,7383,0,0
Roma,Pesaro,OK,373253,13028,373271,13030,-18,-2
Roma,Piacenza,OK,515004,17047,514928,17522,76,-475
Roma,Pisa,OK,355581,12719,355581,12719,0,0
Roma,Pistoia,OK,313922,10608,314375,10644,-453,-36
Roma,Pordenone,OK,603908,19507,603835,20161,73,-654
Roma,Potenza,OK,373424,14152,373425,14152,-1,0
Roma,Prato,OK,297324,10226,297324,10226,0,0
Roma,Ragusa,OK,896971,40569,897364,40593,-393,-24
Roma,Ravenna,OK,366569,14674,366569,14636,0,38
Roma,Reggio di Calabria,OK,697713,26469,698291,26493,-578,-24
Roma,Rieti,OK,80095,3989,80095,3989,0,0
Roma,Rimini,OK,403686,14065,403704,14066,-18,-1
Roma,Rovigo,OK,457094,15262,457034,15643,60,-381
Roma,Salerno,OK,261059,9037,261059,9037,0,0
Roma,Sanluri,OK,516606,13924,550528,176452,-33922,-162528
Roma,Sassari,OK,583052,17232,421101,172621,161951,-155389
Roma,Savona,OK,550720,19570,550728,19571,-8,-1
Roma,Siena,OK,248843,9031,248843,9031,0,0
Roma,Siracusa,OK,856037,37715,856615,37739,-578,-24
Roma,Sondrio,OK,707125,24583,707115,25143,10,-560
Roma,Taranto,OK,505582,19891,506392,19944,-810,-53
Roma,Tempio Pausania,OK,581019,17121,364419,169470,216600,-152349
Roma,Teramo,OK,174458,5488,174488,5490,-30,-2
Roma,Terni,OK,104336,4752,104337,4752,-1,0
Roma,Torino,OK,694837,23893,694761,24371,76,-478
Roma,Tortolì,OK,381146,7361,481720,174672,-100574,-167311
Roma,Trani,OK,381265,14708,382035,14758,-770,-50
Roma,Trapani,OK,642620,42023,1023476,44409,-380856,-2386
Roma,Trento,OK,588434,19218,588358,19696,76,-478
Roma,Treviso,OK,546325,18104,546252,18484,73,-380
Roma,Trieste,OK,686214,22515,686111,23264,103,-749
Roma,Udine,OK,646128,21398,646377,22218,-249,-820
Roma,Urbino,OK,263141,12653,263136,12666,5,-13
Roma,Varese,OK,636032,20987,635956,21468,76,-481
Roma,Venezia,OK,531448,17572,530846,17906,602,-334
Roma,Verbania,OK,680381,23007,680309,23488,72,-481
Roma,Vercelli,OK,660412,22426,660332,22906,80,-480
Roma,Verona,OK,506451,16937,506382,17380,69,-443
Roma,Vibo Valentia,OK,608627,23573,609204,23596,-577,-23
Roma,Vicenza,OK,527434,17596,527358,17977,76,-381
Roma,Villacidro,OK,544422,15299,567442,177721,-23020,-162422
Roma,Viterbo,OK,86103,4728,86103,4726,0,2
Rovigo,Agrigento,OK,1389097,57634,1389619,57653,-522,-19
Rovigo,Alessandria,OK,326231,11804,325931,11825,300,-21
Rovigo,Ancona,OK,291921,13084,291926,13098,-5,-14
Rovigo,Andria,OK,694068,25558,694044,25571,24,-13
Rovigo,Aosta,OK,417772,16382,417743,16597,29,-215
Rovigo,Arezzo,OK,261875,10053,261823,10050,52,3
Rovigo,Ascoli Piceno,OK,404426,15793,404402,15805,24,-12
Rovigo,Asti,OK,361899,13032,361917,13031,-18,1
Rovigo,Avellino,OK,683028,23333,682985,23390,43,-57
Rovigo,Bari,OK,744688,27612,744663,27624,25,-12
Rovigo,Barletta,OK,693323,25632,693295,25645,28,-13
Rovigo,Belluno,OK,173403,5520,173406,5519,-3,1
Rovigo,Benevento,OK,665672,23216,665618,23213,54,3
Rovigo,Bergamo,OK,198860,7887,198862,8101,-2,-214
Rovigo,Biella,OK,335282,13262,335256,13474,26,-212
Rovigo,Bologna,OK,83441,3781,83439,3780,2,1
Rovigo,Bolzano - Bozen,OK,240316,9055,240318,8972,-2,83
Rovigo,Brescia,OK,154592,6113,154594,6327,-2,-214
Rovigo,Brindisi,OK,858895,31592,858870,31604,25,-12
Rovigo,Cagliari,OK,898955,28266,972520,192210,-73565,-163944
Rovigo,Caltanissetta,OK,1338628,54496,1339150,54516,-522,-20
Rovigo,Campobasso,OK,608802,23345,608777,23358,25,-13
Rovigo,Carbonia,OK,965349,31036,1002816,194166,-37467,-163130
Rovigo,Caserta,OK,631529,21538,631476,21535,53,3
Rovigo,Catania,OK,1229346,50145,1229871,50165,-525,-20
Rovigo,Catanzaro,OK,1045258,37917,1045781,37937,-523,-20
Rovigo,Chieti,OK,453401,17341,453115,17343,286,-2
Rovigo,Como,OK,282709,10664,282711,10877,-2,-213
Rovigo,Cosenza,OK,952269,34202,952792,34221,-523,-19
Rovigo,Cremona,OK,195403,7554,195405,7831,-2,-277
Rovigo,Crotone,OK,1030761,39159,1031284,39179,-523,-20
Rovigo,Cuneo,OK,453922,17612,453929,17612,-7,0
Rovigo,Enna,OK,1313265,53641,1313787,53660,-522,-19
Rovigo,Fermo,OK,349713,14107,349689,14119,24,-12
Rovigo,Ferrara,OK,35286,2172,35286,2171,0,1
Rovigo,Firenze,OK,190998,8128,190944,8124,54,4
Rovigo,Foggia,OK,624249,22685,624225,22697,24,-12
Rovigo,Forlì,OK,148593,6876,148584,6874,9,2
Rovigo,Frosinone,OK,522337,18298,522283,18295,54,3
Rovigo,Genova,OK,380047,13545,380046,13542,1,3
Rovigo,Gorizia,OK,207840,7367,207857,7704,-17,-337
Rovigo,Grosseto,OK,324258,14020,324705,14015,-447,5
Rovigo,Iglesias,OK,942657,29994,975845,193164,-33188,-163170
Rovigo,Imperia,OK,478514,17675,478514,17673,0,2
Rovigo,Isernia,OK,612993,21847,612938,21899,55,-52
Rovigo,L'Aquila,OK,476508,17887,476437,17898,71,-11
Rovigo,La Spezia,OK,289739,11124,289738,11123,1,1
Rovigo,Lanusei,OK,777202,21908,861777,188447,-84575,-166539
Rovigo,Latina,OK,524926,19180,524872,19158,54,22
Rovigo,Lecce,OK,894269,32993,894244,33006,25,-13
Rovigo,Lecco,OK,231546,9724,231548,9938,-2,-214
Rovigo,Livorno,OK,264172,11032,264118,11029,54,3
Rovigo,Lodi,OK,265503,9258,265501,9257,2,1
Rovigo,Macerata,OK,352336,13988,352315,14000,21,-12
Rovigo,Mantova,OK,90391,4581,90391,4581,0,0
Rovigo,Massa,OK,280271,10743,280221,10740,50,3
Rovigo,Matera,OK,769239,29698,769221,29719,18,-21
Rovigo,Messina,OK,1133756,46005,1134281,46025,-525,-20
Rovigo,Milano,OK,242320,9534,242321,9748,-1,-214
Rovigo,Modena,OK,121947,5479,121951,5478,-4,1
Rovigo,Monza,OK,234402,9013,234404,9226,-2,-213
Rovigo,Napoli,OK,657327,22270,657274,22266,53,4
Rovigo,Novara,OK,286703,11503,286696,11717,7,-214
Rovigo,Nuoro,OK,849869,25584,802014,185229,47855,-159645
Rovigo,Olbia,OK,917925,28620,700221,180959,217704,-152339
Rovigo,Oristano,OK,930956,29081,881343,188630,49613,-159549
Rovigo,Padova,OK,46099,1905,46098,1905,1,0
Rovigo,Palermo,OK,980806,52992,1358703,55131,-377897,-2139
Rovigo,Parma,OK,174589,7158,174588,7157,1,1
Rovigo,Pavia,OK,278736,10404,278755,10404,-19,0
Rovigo,Perugia,OK,338398,12618,338344,12615,54,3
Rovigo,Pesaro,OK,227481,9382,227480,9396,1,-14
Rovigo,Piacenza,OK,229063,8186,229062,8181,1,5
Rovigo,Pisa,OK,255855,10153,255802,10141,53,12
Rovigo,Pistoia,OK,199110,7989,199510,8022,-400,-33
Rovigo,Pordenone,OK,154862,4768,154865,5042,-3,-274
Rovigo,Potenza,OK,731230,28237,731206,28249,24,-12
Rovigo,Prato,OK,182512,7607,182458,7604,54,3
Rovigo,Ragusa,OK,1335206,55482,1335546,55502,-340,-20
Rovigo,Ravenna,OK,107268,6233,107269,6230,-1,3
Rovigo,Reggio di Calabria,OK,1135948,41382,1136473,41402,-525,-20
Rovigo,Rieti,OK,448687,16337,448630,16333,57,4
Rovigo,Rimini,OK,194870,7999,194869,8013,1,-14
Rovigo,Roma,OK,459396,16608,459343,16605,53,3
Rovigo,Salerno,OK,699294,23950,699241,23946,53,4
Rovigo,Sanluri,OK,894617,27629,928492,190155,-33875,-162526
Rovigo,Sassari,OK,961063,30937,799066,186324,161997,-155387
Rovigo,Savona,OK,403135,14695,403142,14694,-7,1
Rovigo,Siena,OK,250748,10495,250694,10492,54,3
Rovigo,Siracusa,OK,1294271,52628,1294797,52648,-526,-20
Rovigo,Sondrio,OK,291480,13303,291562,13584,-82,-281
Rovigo,Taranto,OK,828630,31225,828646,31240,-16,-15
Rovigo,Tempio Pausania,OK,959030,30826,742383,183173,216647,-152347
Rovigo,Teramo,OK,418699,16103,418671,16109,28,-6
Rovigo,Terni,OK,412937,14322,412884,14319,53,3
Rovigo,Torino,OK,374558,14745,374559,14959,-1,-214
Rovigo,Tortolì,OK,759156,21066,859684,188375,-100528,-167309
Rovigo,Trani,OK,704313,26041,704289,26054,24,-13
Rovigo,Trapani,OK,1080855,56937,1461657,59318,-380802,-2381
Rovigo,Trento,OK,184270,6856,184271,6773,-1,83
Rovigo,Treviso,OK,97279,3365,97282,3365,-3,0
Rovigo,Trieste,OK,237167,7776,237141,8145,26,-369
Rovigo,Udine,OK,197081,6659,197407,7099,-326,-440
Rovigo,Urbino,OK,251036,10872,251036,10885,0,-13
Rovigo,Varese,OK,290755,10969,290757,11182,-2,-213
Rovigo,Venezia,OK,82402,2833,81876,2787,526,46
Rovigo,Verbania,OK,335104,12989,335111,13203,-7,-214
Rovigo,Vercelli,OK,317759,12506,317757,12719,2,-213
Rovigo,Verona,OK,89035,3950,90810,3932,-1775,18
Rovigo,Vibo Valentia,OK,1046862,38486,1047385,38506,-523,-20
Rovigo,Vicenza,OK,78387,2857,78388,2858,-1,-1
Rovigo,Villacidro,OK,922432,29004,945406,191424,-22974,-162420
Rovigo,Viterbo,OK,400751,14323,400704,14321,47,2
Salerno,Agrigento,OK,693516,34082,694091,34105,-575,-23
Salerno,Alessandria,OK,853702,27996,853326,28497,376,-501
Salerno,Ancona,OK,468878,16995,468879,16991,-1,4
Salerno,Andria,OK,187721,7865,187722,7865,-1,0
Salerno,Aosta,OK,1001955,33634,1001848,34115,107,-481
Salerno,Arezzo,OK,460775,15200,460776,15201,-1,-1
Salerno,Ascoli Piceno,OK,367455,13872,367456,13869,-1,3
Salerno,Asti,OK,889370,29224,889312,29703,58,-479
Salerno,Avellino,OK,37151,1699,37152,1699,-1,0
Salerno,Bari,OK,238340,9919,238341,9919,-1,0
Salerno,Barletta,OK,186975,7939,186973,7939,2,0
Salerno,Belluno,OK,863980,27590,863906,27970,74,-380
Salerno,Benevento,OK,72942,3124,72943,3124,-1,0
Salerno,Bergamo,OK,844701,27707,861679,28246,-16978,-539
Salerno,Biella,OK,919465,30514,919360,30993,105,-479
Salerno,Bologna,OK,620913,20495,620837,20875,76,-380
Salerno,Bolzano - Bozen,OK,886010,28748,885934,29226,76,-478
Salerno,Brescia,OK,800433,25933,800357,26627,76,-694
Salerno,Brindisi,OK,352548,13899,352548,13899,0,0
Salerno,Cagliari,OK,789543,22788,863154,186734,-73611,-163946
Salerno,Caltanissetta,OK,643047,30945,643622,30968,-575,-23
Salerno,Campobasso,OK,136612,6663,136613,6663,-1,0
Salerno,Carbonia,OK,855937,25558,893450,188689,-37513,-163131
Salerno,Caserta,OK,79880,3289,79880,3289,0,0
Salerno,Catania,OK,533764,26594,534343,26617,-579,-23
Salerno,Catanzaro,OK,349676,14366,350253,14389,-577,-23
Salerno,Chieti,OK,323774,12115,320377,12125,3397,-10
Salerno,Como,OK,869516,28014,869439,28494,77,-480
Salerno,Cosenza,OK,256688,10650,257264,10673,-576,-23
Salerno,Cremona,OK,785561,25465,785484,25943,77,-478
Salerno,Crotone,OK,335180,15608,335756,15631,-576,-23
Salerno,Cuneo,OK,891122,30899,891129,30899,-7,0
Salerno,Enna,OK,617683,30089,618259,30113,-576,-24
Salerno,Fermo,OK,415955,15003,415957,15000,-2,3
Salerno,Ferrara,OK,665743,21918,665667,22299,76,-381
Salerno,Firenze,OK,516599,16842,516926,16842,-327,0
Salerno,Foggia,OK,153449,6516,153449,6516,0,0
Salerno,Forlì,OK,593756,21491,593756,21491,0,0
Salerno,Frosinone,OK,189452,6290,189452,6290,0,0
Salerno,Genova,OK,751013,25300,751013,25298,0,2
Salerno,Gorizia,OK,898417,29438,898357,30155,60,-717
Salerno,Grosseto,OK,445609,16253,445610,16253,-1,0
Salerno,Iglesias,OK,833245,24516,866479,187688,-33234,-163172
Salerno,Imperia,OK,867629,29881,867630,29881,-1,0
Salerno,Isernia,OK,152565,6222,152565,6322,0,-100
Salerno,L'Aquila,OK,275677,10292,275646,10287,31,5
Salerno,La Spezia,OK,664641,21766,664641,21766,0,0
Salerno,Lanusei,OK,667790,16430,752411,182971,-84621,-166541
Salerno,Latina,OK,236128,8910,236128,8913,0,-3
Salerno,Lecce,OK,387922,15300,387921,15300,1,0
Salerno,Lecco,OK,869097,28241,869020,28721,77,-480
Salerno,Livorno,OK,605991,20523,605991,20523,0,0
Salerno,Lodi,OK,792973,25451,792897,25929,76,-478
Salerno,Macerata,OK,452369,16591,452373,16588,-4,3
Salerno,Mantova,OK,715653,23248,715577,23727,76,-479
Salerno,Massa,OK,636613,20693,636616,20694,-3,-1
Salerno,Matera,OK,212364,10214,212342,10227,22,-13
Salerno,Messina,OK,438175,22454,438754,22477,-579,-23
Salerno,Milano,OK,817333,26245,817255,26726,78,-481
Salerno,Modena,OK,649417,21671,649347,22150,70,-479
Salerno,Monza,OK,829521,26643,829444,27124,77,-481
Salerno,Napoli,OK,56383,2465,56383,2465,0,0
Salerno,Novara,OK,870887,28755,870801,29236,86,-481
Salerno,Nuoro,OK,740457,20106,692648,179753,47809,-159647
Salerno,Olbia,OK,808513,23142,590856,175483,217657,-152341
Salerno,Oristano,OK,821544,23603,771978,183154,49566,-159551
Salerno,Padova,OK,736675,23975,736597,24355,78,-380
Salerno,Palermo,OK,662596,31558,663176,31583,-580,-25
Salerno,Parma,OK,702060,23351,701984,23829,76,-478
Salerno,Pavia,OK,806206,26597,806151,27076,55,-479
Salerno,Perugia,OK,414807,14714,414807,14714,0,0
Salerno,Pesaro,OK,532116,19432,532105,19428,11,4
Salerno,Piacenza,OK,756534,24379,756458,24853,76,-474
Salerno,Pisa,OK,597111,20050,597111,20050,0,0
Salerno,Pistoia,OK,555452,17939,555905,17976,-453,-37
Salerno,Pordenone,OK,845438,26838,845365,27492,73,-654
Salerno,Potenza,OK,116078,5514,116079,5514,-1,0
Salerno,Prato,OK,538854,17557,538854,17557,0,0
Salerno,Ragusa,OK,639624,31931,640018,31955,-394,-24
Salerno,Ravenna,OK,608099,22006,608099,21968,0,38
Salerno,Reggio di Calabria,OK,440366,17831,440945,17854,-579,-23
Salerno,Rieti,OK,335520,11766,335520,11760,0,6
Salerno,Rimini,OK,562549,20469,562539,20465,10,4
Salerno,Roma,OK,265832,9227,265832,9227,0,0
Salerno,Rovigo,OK,698624,22594,698564,22974,60,-380
Salerno,Sanluri,OK,785205,22150,819126,184679,-33921,-162529
Salerno,Sassari,OK,851650,25459,689700,180848,161950,-155389
Salerno,Savona,OK,792250,26902,792258,26902,-8,0
Salerno,Siena,OK,490373,16362,490373,16362,0,0
Salerno,Siracusa,OK,598690,29077,599269,29100,-579,-23
Salerno,Sondrio,OK,948655,31915,948645,32475,10,-560
Salerno,Taranto,OK,268431,12880,268431,12881,0,-1
Salerno,Tempio Pausania,OK,849617,25347,633017,177696,216600,-152349
Salerno,Teramo,OK,333321,11892,333322,11889,-1,3
Salerno,Terni,OK,345866,12084,345867,12084,-1,0
Salerno,Torino,OK,936367,31225,936291,31703,76,-478
Salerno,Tortolì,OK,649744,15588,750319,182899,-100575,-167311
Salerno,Trani,OK,197966,8348,197967,8348,-1,0
Salerno,Trapani,OK,765550,35744,766130,35770,-580,-26
Salerno,Trento,OK,829964,26550,829888,27028,76,-478
Salerno,Treviso,OK,787856,25436,787782,25816,74,-380
Salerno,Trieste,OK,927744,29847,927641,30595,103,-748
Salerno,Udine,OK,887658,28729,887907,29550,-249,-821
Salerno,Urbino,OK,504671,19985,504665,19997,6,-12
Salerno,Varese,OK,877562,28319,877485,28799,77,-480
Salerno,Venezia,OK,772978,24904,772376,25238,602,-334
Salerno,Verbania,OK,921911,30339,921839,30819,72,-480
Salerno,Vercelli,OK,901942,29758,901862,30238,80,-480
Salerno,Verona,OK,747981,24268,747912,24712,69,-444
Salerno,Vibo Valentia,OK,351281,14935,351858,14958,-577,-23
Salerno,Vicenza,OK,768964,24927,768888,25309,76,-382
Salerno,Villacidro,OK,813020,23526,836041,185948,-23021,-162422
Salerno,Viterbo,OK,350332,12454,350332,12454,0,0
Sanluri,Agrigento,OK,593126,52911,1498817,217653,-905691,-164742
Sanluri,Alessandria,OK,1043567,31287,1075597,194143,-32030,-162856
Sanluri,Ancona,OK,833061,23523,865498,185881,-32437,-162358
Sanluri,Andria,OK,885993,26779,919170,189184,-33177,-162405
Sanluri,Aosta,OK,1191820,36925,1224118,199762,-32298,-162837
Sanluri,Arezzo,OK,650639,18491,683046,180847,-32407,-162356
Sanluri,Ascoli Piceno,OK,731638,20401,764075,182758,-32437,-162357
Sanluri,Asti,OK,1079234,32515,1111583,195350,-32349,-162835
Sanluri,Avellino,OK,759766,20974,792183,183390,-32417,-162416
Sanluri,Bari,OK,936613,28832,969789,191238,-33176,-162406
Sanluri,Barletta,OK,885248,26853,918421,189258,-33173,-162405
Sanluri,Belluno,OK,1053844,30881,1086177,193617,-32333,-162736
Sanluri,Benevento,OK,742410,20857,774816,183213,-32406,-162356
Sanluri,Bergamo,OK,1034566,30998,1083950,193893,-49384,-162895
Sanluri,Biella,OK,1109330,33804,1141631,196639,-32301,-162835
Sanluri,Bologna,OK,810777,23786,843108,186522,-32331,-162736
Sanluri,Bolzano - Bozen,OK,1075875,32039,1108205,194873,-32330,-162834
Sanluri,Brescia,OK,990297,29224,1022627,192273,-32330,-163049
Sanluri,Brindisi,OK,1050820,32812,1083996,195218,-33176,-162406
Sanluri,Cagliari,OK,48506,2443,48506,2443,0,0
Sanluri,Caltanissetta,OK,595091,51355,1448348,214516,-853257,-163161
Sanluri,Campobasso,OK,738814,22184,771219,184596,-32405,-162412
Sanluri,Carbonia,OK,78799,4398,78801,4398,-2,0
Sanluri,Caserta,OK,708268,19179,740674,181535,-32406,-162356
Sanluri,Catania,OK,1306084,47786,1339069,210165,-32985,-162379
Sanluri,Catanzaro,OK,1121996,35558,1154979,197937,-32983,-162379
Sanluri,Chieti,OK,722766,19573,751795,181940,-29029,-162367
Sanluri,Como,OK,1059380,31304,1091709,194141,-32329,-162837
Sanluri,Cosenza,OK,1029007,31843,1061990,194221,-32983,-162378
Sanluri,Cremona,OK,975425,28756,1007755,191590,-32330,-162834
Sanluri,Crotone,OK,1107499,36800,1140482,199179,-32983,-162379
Sanluri,Cuneo,OK,1080987,34189,1113400,196546,-32413,-162357
Sanluri,Enna,OK,1390003,51281,1422985,213661,-32982,-162380
Sanluri,Fermo,OK,780139,21532,812575,183889,-32436,-162357
Sanluri,Ferrara,OK,855608,25209,887938,187945,-32330,-162736
Sanluri,Firenze,OK,706464,20133,739196,182488,-32732,-162355
Sanluri,Foggia,OK,903900,25228,936327,187585,-32427,-162357
Sanluri,Forlì,OK,783621,24782,816027,187138,-32406,-162356
Sanluri,Frosinone,OK,599075,15939,631481,178295,-32406,-162356
Sanluri,Genova,OK,940877,28591,973284,190945,-32407,-162354
Sanluri,Gorizia,OK,1088282,32729,1120628,195801,-32346,-163072
Sanluri,Grosseto,OK,549085,16223,581492,178579,-32407,-162356
Sanluri,Iglesias,OK,62070,3435,62073,3435,-3,0
Sanluri,Imperia,OK,1057494,33172,1089900,195528,-32406,-162356
Sanluri,Isernia,OK,689731,19487,722136,181899,-32405,-162412
Sanluri,L'Aquila,OK,639861,16821,672265,179176,-32404,-162355
Sanluri,La Spezia,OK,854506,25057,886912,187413,-32406,-162356
Sanluri,Lanusei,OK,133448,5896,133448,5896,0,0
Sanluri,Latina,OK,570597,15654,603003,178010,-32406,-162356
Sanluri,Lecce,OK,1086194,34214,1119370,196619,-33176,-162405
Sanluri,Lecco,OK,1058962,31532,1091291,194368,-32329,-162836
Sanluri,Livorno,OK,684985,22223,717391,184579,-32406,-162356
Sanluri,Lodi,OK,982838,28742,1015167,191575,-32329,-162833
Sanluri,Macerata,OK,694285,22694,726692,185040,-32407,-162346
Sanluri,Mantova,OK,905517,26539,937847,189373,-32330,-162834
Sanluri,Massa,OK,826477,23984,858887,186340,-32410,-162356
Sanluri,Matera,OK,933232,30554,966386,192973,-33154,-162419
Sanluri,Messina,OK,1210494,43646,1243479,206025,-32985,-162379
Sanluri,Milano,OK,1007197,29536,1039526,192372,-32329,-162836
Sanluri,Modena,OK,839282,24962,871617,187796,-32335,-162834
Sanluri,Monza,OK,1019385,29934,1051715,192770,-32330,-162836
Sanluri,Napoli,OK,734066,19910,766472,182266,-32406,-162356
Sanluri,Novara,OK,1060751,32046,1093071,194882,-32320,-162836
Sanluri,Nuoro,OK,135234,5494,135234,5494,0,0
Sanluri,Olbia,OK,227888,9372,227890,9371,-2,1
Sanluri,Oristano,OK,49261,1882,49261,1882,0,0
Sanluri,Padova,OK,926540,27266,958868,190002,-32328,-162736
Sanluri,Palermo,OK,470020,46065,1467901,215131,-997881,-169066
Sanluri,Parma,OK,891924,26642,924255,189475,-32331,-162833
Sanluri,Pavia,OK,996071,29888,1028421,192723,-32350,-162835
Sanluri,Perugia,OK,620732,18263,653137,180619,-32405,-162356
Sanluri,Pesaro,OK,745424,24703,777824,187060,-32400,-162357
Sanluri,Piacenza,OK,946398,27669,978729,190500,-32331,-162831
Sanluri,Pisa,OK,698853,23139,731259,185495,-32406,-162356
Sanluri,Pistoia,OK,745317,21230,778176,183622,-32859,-162392
Sanluri,Pordenone,OK,1035303,30129,1067635,193139,-32332,-163010
Sanluri,Potenza,OK,888397,26706,920805,189062,-32408,-162356
Sanluri,Prato,OK,728719,20848,761125,183204,-32406,-162356
Sanluri,Ragusa,OK,1411944,53123,1444744,215503,-32800,-162380
Sanluri,Ravenna,OK,797964,25296,830370,187615,-32406,-162319
Sanluri,Reggio di Calabria,OK,1212686,39023,1245671,201402,-32985,-162379
Sanluri,Rieti,OK,589472,16615,621879,178970,-32407,-162355
Sanluri,Rimini,OK,770274,25092,802721,187450,-32447,-162358
Sanluri,Roma,OK,511394,13569,543761,175921,-32367,-162352
Sanluri,Rovigo,OK,888489,25884,920835,188621,-32346,-162737
Sanluri,Salerno,OK,776032,21591,808439,183946,-32407,-162355
Sanluri,Sassari,OK,169735,6943,168187,6889,1548,54
Sanluri,Savona,OK,982115,30193,1014529,192549,-32414,-162356
Sanluri,Siena,OK,680238,19653,712644,182009,-32406,-162356
Sanluri,Siracusa,OK,1371010,50269,1403995,212648,-32985,-162379
Sanluri,Sondrio,OK,1138520,35206,1170916,198121,-32396,-162915
Sanluri,Taranto,OK,1020555,32446,1053772,194854,-33217,-162408
Sanluri,Tempio Pausania,OK,204403,9007,204411,9008,-8,-1
Sanluri,Teramo,OK,697504,18421,729941,180778,-32437,-162357
Sanluri,Terni,OK,551790,15633,584197,177989,-32407,-162356
Sanluri,Torino,OK,1126232,34515,1158562,197349,-32330,-162834
Sanluri,Tortolì,OK,135730,6624,135719,6623,11,1
Sanluri,Trani,OK,896238,27262,929415,189667,-33177,-162405
Sanluri,Trapani,OK,570070,50009,1570856,219318,-1000786,-169309
Sanluri,Trento,OK,1019828,29841,1052158,192675,-32330,-162834
Sanluri,Treviso,OK,977720,28726,1010053,191462,-32333,-162736
Sanluri,Trieste,OK,1117609,33137,1149912,196242,-32303,-163105
Sanluri,Udine,OK,1077522,32020,1110178,195196,-32656,-163176
Sanluri,Urbino,OK,710595,23534,742996,185902,-32401,-162368
Sanluri,Varese,OK,1067427,31609,1099756,194446,-32329,-162837
Sanluri,Venezia,OK,962843,28195,994647,190884,-31804,-162689
Sanluri,Verbania,OK,1111776,33630,1144110,196466,-32334,-162836
Sanluri,Vercelli,OK,1091807,33048,1124132,195885,-32325,-162837
Sanluri,Verona,OK,937846,27559,970183,190359,-32337,-162800
Sanluri,Vibo Valentia,OK,1123600,36127,1156584,198506,-32984,-162379
Sanluri,Vicenza,OK,958828,28218,991158,190956,-32330,-162738
Sanluri,Villacidro,OK,21321,1637,21077,1638,244,-1
Sanluri,Viterbo,OK,497123,13468,529530,175824,-32407,-162356
Sassari,Agrigento,OK,1531736,58374,1371654,213888,160082,-155514
Sassari,Alessandria,OK,1109467,34387,948435,190377,161032,-155990
Sassari,Ancona,OK,898961,26623,738335,182115,160626,-155492
Sassari,Andria,OK,951894,29878,792007,185419,159887,-155541
Sassari,Aosta,OK,1257720,40025,1096956,195996,160764,-155971
Sassari,Arezzo,OK,716539,21591,555884,177081,160655,-155490
Sassari,Ascoli Piceno,OK,797538,23500,636912,178992,160626,-155492
Sassari,Asti,OK,1145135,35615,984420,191584,160715,-155969
Sassari,Avellino,OK,825666,24074,665021,179624,160645,-155550
Sassari,Bari,OK,1002513,31932,842627,187472,159886,-155540
Sassari,Barletta,OK,951148,29952,791259,185493,159889,-155541
Sassari,Belluno,OK,1119745,33981,959014,189851,160731,-155870
Sassari,Benevento,OK,808310,23957,647654,179447,160656,-155490
Sassari,Bergamo,OK,1100466,34097,956787,190127,143679,-156030
Sassari,Biella,OK,1175230,36904,1014468,192873,160762,-155969
Sassari,Bologna,OK,876677,26886,715945,182756,160732,-155870
Sassari,Bolzano - Bozen,OK,1141775,35139,981042,191107,160733,-155968
Sassari,Brescia,OK,1056198,32323,895465,188507,160733,-156184
Sassari,Brindisi,OK,1116720,35912,956834,191452,159886,-155540
Sassari,Cagliari,OK,212714,8825,212786,8850,-72,-25
Sassari,Caltanissetta,OK,1481267,55237,1321185,210750,160082,-155513
Sassari,Campobasso,OK,804714,25284,644056,180830,160658,-155546
Sassari,Carbonia,OK,243007,10781,243082,10805,-75,-24
Sassari,Caserta,OK,774168,22279,613512,177769,160656,-155490
Sassari,Catania,OK,1371984,50886,1211906,206399,160078,-155513
Sassari,Catanzaro,OK,1187896,38658,1027816,194171,160080,-155513
Sassari,Chieti,OK,788666,22673,624632,178175,164034,-155502
Sassari,Como,OK,1125281,34404,964547,190375,160734,-155971
Sassari,Cosenza,OK,1094908,34942,934827,190456,160081,-155514
Sassari,Cremona,OK,1041325,31856,880593,187824,160732,-155968
Sassari,Crotone,OK,1173400,39900,1013319,195413,160081,-155513
Sassari,Cuneo,OK,1146887,37289,986237,192780,160650,-155491
Sassari,Enna,OK,1455903,54381,1295822,209895,160081,-155514
Sassari,Fermo,OK,846039,24631,685413,180123,160626,-155492
Sassari,Ferrara,OK,921508,28309,760775,184179,160733,-155870
Sassari,Firenze,OK,772364,23233,612034,178723,160330,-155490
Sassari,Foggia,OK,969800,28327,809165,183819,160635,-155492
Sassari,Forlì,OK,849521,27881,688864,183372,160657,-155491
Sassari,Frosinone,OK,664976,19039,504319,174529,160657,-155490
Sassari,Genova,OK,1006778,31691,846121,187179,160657,-155488
Sassari,Gorizia,OK,1154182,35828,993465,192036,160717,-156208
Sassari,Grosseto,OK,614986,19323,454329,174814,160657,-155491
Sassari,Iglesias,OK,215962,9774,216111,9803,-149,-29
Sassari,Imperia,OK,1123394,36272,962738,191762,160656,-155490
Sassari,Isernia,OK,755631,22587,594974,178133,160657,-155546
Sassari,L'Aquila,OK,705761,19920,545102,175410,160659,-155490
Sassari,La Spezia,OK,920406,28156,759749,183647,160657,-155491
Sassari,Lanusei,OK,179114,9002,179186,9026,-72,-24
Sassari,Latina,OK,636497,18753,475841,174244,160656,-155491
Sassari,Lecce,OK,1152094,37313,992207,192854,159887,-155541
Sassari,Lecco,OK,1124862,34631,964128,190602,160734,-155971
Sassari,Livorno,OK,750885,25323,590228,180813,160657,-155490
Sassari,Lodi,OK,1048738,31841,888005,187810,160733,-155969
Sassari,Macerata,OK,760185,25794,599530,181275,160655,-155481
Sassari,Mantova,OK,971417,29639,810685,185607,160732,-155968
Sassari,Massa,OK,892378,27084,731724,182575,160654,-155491
Sassari,Matera,OK,999132,33654,839224,189208,159908,-155554
Sassari,Messina,OK,1276395,46746,1116317,202259,160078,-155513
Sassari,Milano,OK,1073097,32636,912363,188606,160734,-155970
Sassari,Modena,OK,905182,28062,744455,184031,160727,-155969
Sassari,Monza,OK,1085286,33034,924552,189005,160734,-155971
Sassari,Napoli,OK,799966,23010,639309,178500,160657,-155490
Sassari,Novara,OK,1126652,35146,965909,191117,160743,-155971
Sassari,Nuoro,OK,119373,5786,119445,5811,-72,-25
Sassari,Olbia,OK,100903,5595,100978,5620,-75,-25
Sassari,Oristano,OK,121537,5245,121609,5269,-72,-24
Sassari,Padova,OK,992440,30366,831705,186236,160735,-155870
Sassari,Palermo,OK,634228,52447,1340739,211366,-706511,-158919
Sassari,Parma,OK,957825,29741,797092,185709,160733,-155968
Sassari,Pavia,OK,1061971,32987,901259,188957,160712,-155970
Sassari,Perugia,OK,686632,21363,525974,176853,160658,-155490
Sassari,Pesaro,OK,811324,27803,650662,183294,160662,-155491
Sassari,Piacenza,OK,1012299,30769,851566,186734,160733,-155965
Sassari,Pisa,OK,764753,26239,604097,181729,160656,-155490
Sassari,Pistoia,OK,811217,24330,651013,179856,160204,-155526
Sassari,Pordenone,OK,1101203,33229,940473,189373,160730,-156144
Sassari,Potenza,OK,954298,29805,793642,185296,160656,-155491
Sassari,Prato,OK,794619,23948,633962,179438,160657,-155490
Sassari,Ragusa,OK,1477844,56223,1317582,211737,160262,-155514
Sassari,Ravenna,OK,863864,28396,703207,183849,160657,-155453
Sassari,Reggio di Calabria,OK,1278586,42123,1118509,197636,160077,-155513
Sassari,Rieti,OK,655373,19714,494716,175205,160657,-155491
Sassari,Rimini,OK,836174,28192,675558,183684,160616,-155492
Sassari,Roma,OK,577294,16668,416599,172155,160695,-155487
Sassari,Rovigo,OK,954389,28984,793672,184855,160717,-155871
Sassari,Salerno,OK,841932,24690,681276,180180,160656,-155490
Sassari,Sanluri,OK,168686,6770,168758,6795,-72,-25
Sassari,Savona,OK,1048015,33292,887366,188783,160649,-155491
Sassari,Siena,OK,746138,22753,585481,178243,160657,-155490
Sassari,Siracusa,OK,1436910,53369,1276832,208882,160078,-155513
Sassari,Sondrio,OK,1204420,38305,1043753,194355,160667,-156050
Sassari,Taranto,OK,1086455,35545,926610,191088,159845,-155543
Sassari,Tempio Pausania,OK,70141,3808,70221,3833,-80,-25
Sassari,Teramo,OK,763404,21520,602778,177012,160626,-155492
Sassari,Terni,OK,617690,18733,457034,174223,160656,-155490
Sassari,Torino,OK,1192132,37615,1031399,193584,160733,-155969
Sassari,Tortolì,OK,202759,9801,202857,9826,-98,-25
Sassari,Trani,OK,962139,30361,802252,185902,159887,-155541
Sassari,Trapani,OK,734278,56392,1443693,215552,-709415,-159160
Sassari,Trento,OK,1085728,32940,924996,188909,160732,-155969
Sassari,Treviso,OK,1043620,31826,882890,187696,160730,-155870
Sassari,Trieste,OK,1183509,36237,1022749,192476,160760,-156239
Sassari,Udine,OK,1143423,35120,983015,191430,160408,-156310
Sassari,Urbino,OK,776495,26633,615833,182136,160662,-155503
Sassari,Varese,OK,1133327,34709,972594,190680,160733,-155971
Sassari,Venezia,OK,1028743,31294,867484,187118,161259,-155824
Sassari,Verbania,OK,1177676,36729,1016947,192700,160729,-155971
Sassari,Vercelli,OK,1157707,36148,996970,192119,160737,-155971
Sassari,Verona,OK,1003746,30659,843020,186593,160726,-155934
Sassari,Vibo Valentia,OK,1189501,39226,1029421,194740,160080,-155514
Sassari,Vicenza,OK,1024729,31318,863996,187190,160733,-155872
Sassari,Villacidro,OK,185845,8038,185672,8064,173,-26
Sassari,Viterbo,OK,563024,16568,402367,172058,160657,-155490
Savona,Agrigento,OK,1477335,60369,1477869,60391,-534,-22
Savona,Alessandria,OK,94633,4129,94881,4140,-248,-11
Savona,Ancona,OK,537308,20641,537274,20654,34,-13
Savona,Andria,OK,897492,31874,898223,31921,-731,-47
Savona,Aosta,OK,256372,10616,256302,10614,70,2
Savona,Arezzo,OK,350113,12789,350074,12787,39,2
Savona,Ascoli Piceno,OK,571827,22563,571821,22562,6,1
Savona,Asti,OK,95000,5557,95003,5648,-3,-91
Savona,Avellino,OK,771265,26069,771236,26127,29,-58
Savona,Bari,OK,948112,33927,948842,33975,-730,-48
Savona,Barletta,OK,896747,31948,897474,31996,-727,-48
Savona,Belluno,OK,515308,17318,515270,18086,38,-768
Savona,Benevento,OK,753909,25952,753869,25950,40,2
Savona,Bergamo,OK,220669,8334,220631,8332,38,2
Savona,Biella,OK,196357,8433,196289,8429,68,4
Savona,Bologna,OK,323688,11172,323649,11170,39,2
Savona,Bolzano - Bozen,OK,452055,15766,452017,16485,38,-719
Savona,Brescia,OK,257436,9448,257395,9789,41,-341
Savona,Brindisi,OK,1062319,37907,1063049,37955,-730,-48
Savona,Cagliari,OK,987192,31002,1060771,194947,-73579,-163945
Savona,Caltanissetta,OK,1426865,57232,1427401,57253,-536,-21
Savona,Campobasso,OK,750313,27279,750272,27333,41,-54
Savona,Carbonia,OK,1053587,33772,1091067,196903,-37480,-163131
Savona,Caserta,OK,719767,24274,719727,24272,40,2
Savona,Catania,OK,1317583,52881,1318122,52902,-539,-21
Savona,Catanzaro,OK,1133495,40653,1134032,40674,-537,-21
Savona,Chieti,OK,720055,24141,716638,24151,3417,-10
Savona,Como,OK,214721,7842,214681,7840,40,2
Savona,Cosenza,OK,1040506,36937,1041043,36958,-537,-21
Savona,Cremona,OK,212128,8129,212088,8127,40,2
Savona,Crotone,OK,1118998,41895,1119535,41916,-537,-21
Savona,Cuneo,OK,101500,4324,101522,4326,-22,-2
Savona,Enna,OK,1401502,56376,1402038,56398,-536,-22
Savona,Fermo,OK,595101,21664,595038,21676,63,-12
Savona,Ferrara,OK,365237,12448,365197,12446,40,2
Savona,Firenze,OK,279235,10863,279195,10862,40,1
Savona,Foggia,OK,901189,29795,901171,29795,18,0
Savona,Forlì,OK,393981,14433,393933,14431,48,2
Savona,Frosinone,OK,610574,21034,610534,21032,40,2
Savona,Genova,OK,47439,2244,47399,2242,40,2
Savona,Gorizia,OK,549745,19166,549721,20270,24,-1104
Savona,Grosseto,OK,355648,14841,355608,14838,40,3
Savona,Iglesias,OK,1030894,32730,1064095,195901,-33201,-163171
Savona,Imperia,OK,85313,3589,85274,3587,39,2
Savona,Isernia,OK,701230,24582,701189,24636,41,-54
Savona,L'Aquila,OK,637150,21388,637108,21387,42,1
Savona,La Spezia,OK,147675,6136,147635,6134,40,2
Savona,Lanusei,OK,865439,24644,950028,191184,-84589,-166540
Savona,Latina,OK,613163,21915,613123,21895,40,20
Savona,Lecce,OK,1097693,39309,1098423,39356,-730,-47
Savona,Lecco,OK,228012,8810,227972,8808,40,2
Savona,Livorno,OK,223587,9281,223547,9279,40,2
Savona,Lodi,OK,192634,7538,192594,7536,40,2
Savona,Macerata,OK,548260,20906,548222,20899,38,7
Savona,Mantova,OK,271140,11343,271099,11342,41,1
Savona,Massa,OK,164827,6875,164790,6874,37,1
Savona,Matera,OK,944731,35649,945439,35710,-708,-61
Savona,Messina,OK,1221993,48741,1222532,48762,-539,-21
Savona,Milano,OK,171555,6446,171514,6444,41,2
Savona,Modena,OK,288274,10093,288234,10091,40,2
Savona,Monza,OK,188435,7212,188396,7210,39,2
Savona,Napoli,OK,745565,25005,745525,25003,40,2
Savona,Novara,OK,160678,6900,160638,6898,40,2
Savona,Nuoro,OK,938106,28320,890265,187966,47841,-159646
Savona,Olbia,OK,1006162,31356,788472,183696,217690,-152340
Savona,Oristano,OK,1019193,31817,969594,191367,49599,-159550
Savona,Padova,OK,392075,13592,392035,14360,40,-768
Savona,Palermo,OK,1069043,55728,1446954,57869,-377911,-2141
Savona,Parma,OK,236357,8620,236317,8618,40,2
Savona,Pavia,OK,152888,5828,152848,5826,40,2
Savona,Perugia,OK,426635,15354,426595,15352,40,2
Savona,Pesaro,OK,472868,16940,472828,16952,40,-12
Savona,Piacenza,OK,184632,7143,184592,7138,40,5
Savona,Pisa,OK,206361,8673,206321,8671,40,2
Savona,Pistoia,OK,243199,9408,243612,9443,-413,-35
Savona,Pordenone,OK,496766,16566,496729,17608,37,-1042
Savona,Potenza,OK,899896,31801,899858,31799,38,2
Savona,Prato,OK,263953,10064,263913,10062,40,2
Savona,Ragusa,OK,1423443,58218,1423797,58240,-354,-22
Savona,Ravenna,OK,400332,14225,400291,14223,41,2
Savona,Reggio di Calabria,OK,1224185,44118,1224724,44139,-539,-21
Savona,Rieti,OK,536924,19073,536881,19070,43,3
Savona,Rimini,OK,440258,15557,440217,15569,41,-12
Savona,Roma,OK,547633,19344,547593,19342,40,2
Savona,Rovigo,OK,398118,13123,398094,13122,24,1
Savona,Salerno,OK,787531,26685,787492,26683,39,2
Savona,Sanluri,OK,982854,30365,1016743,192892,-33889,-162527
Savona,Sassari,OK,1049300,33673,887316,189061,161984,-155388
Savona,Siena,OK,338985,13231,338944,13229,41,2
Savona,Siracusa,OK,1382509,55364,1383048,55385,-539,-21
Savona,Sondrio,OK,307570,12484,307597,12561,-27,-77
Savona,Taranto,OK,1032054,37540,1032825,37591,-771,-51
Savona,Tempio Pausania,OK,1047267,33562,830634,185910,216633,-152348
Savona,Teramo,OK,694793,22988,694784,22988,9,0
Savona,Terni,OK,501174,17058,501135,17056,39,2
Savona,Torino,OK,141354,6030,141369,6031,-15,-1
Savona,Tortolì,OK,847393,23802,947935,191112,-100542,-167310
Savona,Trani,OK,907737,32357,908468,32404,-731,-47
Savona,Trapani,OK,1169092,59672,1549908,62055,-380816,-2383
Savona,Trento,OK,396008,13567,395970,14287,38,-720
Savona,Treviso,OK,439184,15163,439146,15931,38,-768
Savona,Trieste,OK,579072,19574,579005,20711,67,-1137
Savona,Udine,OK,538986,18457,539271,19665,-285,-1208
Savona,Urbino,OK,496424,18429,496384,18442,40,-13
Savona,Varese,OK,222767,8147,222728,8145,39,2
Savona,Venezia,OK,424306,14632,423741,15353,565,-721
Savona,Verbania,OK,228995,9586,228955,9584,40,2
Savona,Vercelli,OK,155559,6708,155515,6706,44,2
Savona,Verona,OK,313655,11137,313622,11913,33,-776
Savona,Vibo Valentia,OK,1135099,41222,1135636,41243,-537,-21
Savona,Vicenza,OK,362408,12602,362605,13369,-197,-767
Savona,Villacidro,OK,1010670,31740,1033657,194161,-22987,-162421
Savona,Viterbo,OK,488988,17059,488955,17058,33,1
Siena,Agrigento,OK,1159836,49384,1160411,49407,-575,-23
Siena,Alessandria,OK,401326,14384,400950,14884,376,-500
Siena,Ancona,OK,241047,10615,241047,10615,0,0
Siena,Andria,OK,579994,20888,580764,20938,-770,-50
Siena,Aosta,OK,549579,20022,549471,20503,108,-481
Siena,Arezzo,OK,70281,3008,70281,3008,0,0
Siena,Ascoli Piceno,OK,253116,11447,253151,11448,-35,-1
Siena,Asti,OK,436994,15612,436936,16091,58,-479
Siena,Avellino,OK,453766,15083,453778,15143,-12,-60
Siena,Bari,OK,630613,22941,631384,22991,-771,-50
Siena,Barletta,OK,579248,20962,580016,21012,-768,-50
Siena,Belluno,OK,411604,13978,411530,14358,74,-380
Siena,Benevento,OK,436410,14966,436410,14966,0,0
Siena,Bergamo,OK,392325,14095,409303,14634,-16978,-539
Siena,Biella,OK,467089,16901,466984,17380,105,-479
Siena,Bologna,OK,168537,6883,168461,7263,76,-380
Siena,Bolzano - Bozen,OK,433635,15136,433558,15614,77,-478
Siena,Brescia,OK,348057,12321,347980,13014,77,-693
Siena,Brindisi,OK,744821,26922,745590,26971,-769,-49
Siena,Cagliari,OK,669694,20016,743312,183964,-73618,-163948
Siena,Caltanissetta,OK,1109367,46246,1109942,46269,-575,-23
Siena,Campobasso,OK,432814,16294,432813,16349,1,-55
Siena,Carbonia,OK,736088,22786,773608,185919,-37520,-163133
Siena,Caserta,OK,402268,13288,402269,13288,-1,0
Siena,Catania,OK,1000084,41895,1000663,41918,-579,-23
Siena,Catanzaro,OK,815996,29668,816573,29691,-577,-23
Siena,Chieti,OK,402556,13155,399179,13167,3377,-12
Siena,Como,OK,417140,14401,417062,14882,78,-481
Siena,Cosenza,OK,723008,25952,723584,25975,-576,-23
Siena,Cremona,OK,333185,11853,333108,12331,77,-478
Siena,Crotone,OK,801500,30909,802076,30932,-576,-23
Siena,Cuneo,OK,438746,17286,438753,17287,-7,-1
Siena,Enna,OK,1084004,45391,1084579,45414,-575,-23
Siena,Fermo,OK,262172,11325,262172,11329,0,-4
Siena,Ferrara,OK,213368,8306,213291,8686,77,-380
Siena,Firenze,OK,74825,3636,75151,3636,-326,0
Siena,Foggia,OK,583691,18810,583712,18811,-21,-1
Siena,Forlì,OK,173986,9105,174013,9105,-27,0
Siena,Frosinone,OK,293076,10048,293076,10048,0,0
Siena,Genova,OK,298637,11688,298636,11686,1,2
Siena,Gorizia,OK,446041,15825,445981,16542,60,-717
Siena,Grosseto,OK,76714,4101,77211,4098,-497,3
Siena,Iglesias,OK,713396,21744,746637,184917,-33241,-163173
Siena,Imperia,OK,415253,16269,415253,16269,0,0
Siena,Isernia,OK,383731,13597,383731,13652,0,-55
Siena,L'Aquila,OK,319651,10402,319649,10403,2,-1
Siena,La Spezia,OK,212265,8154,212265,8154,0,0
Siena,Lanusei,OK,547941,13659,632570,180201,-84629,-166542
Siena,Latina,OK,295665,10930,295665,10911,0,19
Siena,Lecce,OK,780194,28323,780964,28373,-770,-50
Siena,Lecco,OK,416721,14628,416644,15109,77,-481
Siena,Livorno,OK,123960,6265,123960,6265,0,0
Siena,Lodi,OK,340597,11839,340520,12316,77,-477
Siena,Macerata,OK,229549,9789,229551,9784,-2,5
Siena,Mantova,OK,263277,9636,263200,10114,77,-478
Siena,Massa,OK,184237,7081,184240,7081,-3,0
Siena,Matera,OK,627233,24663,627981,24727,-748,-64
Siena,Messina,OK,904495,37755,905074,37778,-579,-23
Siena,Milano,OK,364957,12633,364879,13113,78,-480
Siena,Modena,OK,197041,8059,196970,8537,71,-478
Siena,Monza,OK,377145,13031,377068,13511,77,-480
Siena,Napoli,OK,428066,14020,428066,14020,0,0
Siena,Novara,OK,418511,15143,418424,15623,87,-480
Siena,Nuoro,OK,620608,17334,572806,176983,47802,-159649
Siena,Olbia,OK,688664,20371,471014,172712,217650,-152341
Siena,Oristano,OK,701695,20831,652136,180383,49559,-159552
Siena,Padova,OK,284300,10363,284221,10743,79,-380
Siena,Palermo,OK,751545,44742,1129496,46885,-377951,-2143
Siena,Parma,OK,249684,9739,249608,10216,76,-477
Siena,Pavia,OK,353831,12985,353774,13464,57,-479
Siena,Perugia,OK,107924,4237,107924,4237,0,0
Siena,Pesaro,OK,213193,10334,213209,10335,-16,-1
Siena,Piacenza,OK,304158,10766,304081,11241,77,-475
Siena,Pisa,OK,115081,5792,115080,5792,1,0
Siena,Pistoia,OK,103076,4327,103529,4363,-453,-36
Siena,Pordenone,OK,393062,13226,392988,13880,74,-654
Siena,Potenza,OK,582398,20815,582399,20815,-1,0
Siena,Prato,OK,86478,3945,86478,3945,0,0
Siena,Ragusa,OK,1105945,47233,1106339,47256,-394,-23
Siena,Ravenna,OK,220019,9767,220019,9729,0,38
Siena,Reggio di Calabria,OK,906687,33133,907266,33156,-579,-23
Siena,Rieti,OK,219426,8087,219423,8087,3,0
Siena,Rimini,OK,192329,9563,192370,9564,-41,-1
Siena,Roma,OK,230135,8359,230135,8359,0,0
Siena,Rovigo,OK,246248,8981,246187,9362,61,-381
Siena,Salerno,OK,470032,15700,470033,15700,-1,0
Siena,Sanluri,OK,665355,19379,699285,181909,-33930,-162530
Siena,Sassari,OK,731801,22688,569858,178077,161943,-155389
Siena,Savona,OK,339874,13290,339881,13290,-7,0
Siena,Siracusa,OK,1065010,44379,1065589,44402,-579,-23
Siena,Sondrio,OK,496279,18303,496269,18862,10,-559
Siena,Taranto,OK,714556,26555,715367,26607,-811,-52
Siena,Tempio Pausania,OK,729768,22576,513175,174926,216593,-152350
Siena,Teramo,OK,377295,12002,377326,12005,-31,-3
Siena,Terni,OK,183676,6072,183676,6072,0,0
Siena,Torino,OK,483991,17612,483914,18090,77,-478
Siena,Tortolì,OK,529895,12816,630477,180128,-100582,-167312
Siena,Trani,OK,590239,21371,591009,21421,-770,-50
Siena,Trapani,OK,851594,48687,1232450,51072,-380856,-2385
Siena,Trento,OK,377588,12937,377511,13416,77,-479
Siena,Treviso,OK,335480,11823,335406,12203,74,-380
Siena,Trieste,OK,475368,16234,475265,16983,103,-749
Siena,Udine,OK,435282,15117,435530,15937,-248,-820
Siena,Urbino,OK,171264,8676,171265,8676,-1,0
Siena,Varese,OK,425186,14706,425109,15187,77,-481
Siena,Venezia,OK,320602,11291,320000,11625,602,-334
Siena,Verbania,OK,469535,16727,469463,17207,72,-480
Siena,Vercelli,OK,449566,16145,449485,16626,81,-481
Siena,Verona,OK,295606,10656,295536,11100,70,-444
Siena,Vibo Valentia,OK,817601,30236,818178,30259,-577,-23
Siena,Vicenza,OK,316588,11315,316511,11697,77,-382
Siena,Villacidro,OK,693171,20754,716199,183178,-23028,-162424
Siena,Viterbo,OK,171489,6074,171497,6074,-8,0
Siracusa,Agrigento,OK,211177,10011,211173,10011,4,0
Siracusa,Alessandria,OK,1447132,56921,1446826,57424,306,-503
Siracusa,Ancona,OK,1013295,45768,1013365,45771,-70,-3
Siracusa,Andria,OK,653508,32891,653441,32888,67,3
Siracusa,Aosta,OK,1595385,62559,1595347,63043,38,-484
Siracusa,Arezzo,OK,1054205,44125,1054275,44128,-70,-3
Siracusa,Ascoli Piceno,OK,960885,42797,960955,42796,-70,1
Siracusa,Asti,OK,1482800,58149,1482812,58631,-12,-482
Siracusa,Avellino,OK,634063,30562,634132,30565,-69,-3
Siracusa,Bari,OK,608668,31061,608601,31057,67,4
Siracusa,Barletta,OK,658993,33023,658927,33019,66,4
Siracusa,Belluno,OK,1457410,56515,1457405,56898,5,-383
Siracusa,Benevento,OK,669854,31987,669923,31989,-69,-2
Siracusa,Bergamo,OK,1438131,56632,1455178,57174,-17047,-542
Siracusa,Biella,OK,1512895,59438,1512859,59920,36,-482
Siracusa,Bologna,OK,1214342,49420,1214336,49803,6,-383
Siracusa,Bolzano - Bozen,OK,1479440,57673,1479434,58154,6,-481
Siracusa,Brescia,OK,1393863,54858,1393856,55554,7,-696
Siracusa,Brindisi,OK,608623,31113,608622,31127,1,-14
Siracusa,Cagliari,OK,1382973,51712,1456653,215662,-73680,-163950
Siracusa,Caltanissetta,OK,160707,6874,160705,6874,2,0
Siracusa,Campobasso,OK,733524,35525,733594,35528,-70,-3
Siracusa,Carbonia,OK,1449367,54482,1486949,217617,-37582,-163135
Siracusa,Caserta,OK,673310,32214,673379,32217,-69,-3
Siracusa,Catania,OK,65530,2925,65530,2925,0,0
Siracusa,Catanzaro,OK,320400,18092,320400,18092,0,0
Siracusa,Chieti,OK,858542,40822,867067,40914,-8525,-92
Siracusa,Como,OK,1462946,56938,1462938,57422,8,-484
Siracusa,Cosenza,OK,348650,19222,348649,19222,1,0
Siracusa,Cremona,OK,1378990,54390,1378984,54871,6,-481
Siracusa,Crotone,OK,387216,21805,387215,21805,1,0
Siracusa,Cuneo,OK,1484552,59823,1484628,59827,-76,-4
Siracusa,Enna,OK,135344,6018,135341,6018,3,0
Siracusa,Fermo,OK,960372,43777,960443,43780,-71,-3
Siracusa,Ferrara,OK,1259173,50843,1259166,51226,7,-383
Siracusa,Firenze,OK,1110029,45767,1110425,45769,-396,-2
Siracusa,Foggia,OK,669429,33923,669500,33926,-71,-3
Siracusa,Forlì,OK,1187186,50416,1187255,50419,-69,-3
Siracusa,Frosinone,OK,782882,35215,782952,35218,-70,-3
Siracusa,Genova,OK,1344443,54225,1344512,54226,-69,-1
Siracusa,Gorizia,OK,1491847,58362,1491856,59082,-9,-720
Siracusa,Grosseto,OK,1039039,45177,1039109,45180,-70,-3
Siracusa,Iglesias,OK,1426675,53440,1459978,216615,-33303,-163175
Siracusa,Imperia,OK,1461059,58806,1461129,58809,-70,-3
Siracusa,Isernia,OK,745995,35147,746064,35250,-69,-103
Siracusa,L'Aquila,OK,869107,39217,869145,39215,-38,2
Siracusa,La Spezia,OK,1258071,50691,1258140,50694,-69,-3
Siracusa,Lanusei,OK,1261220,45355,1345911,211899,-84691,-166544
Siracusa,Latina,OK,829558,37835,829627,37841,-69,-6
Siracusa,Lecce,OK,644776,32549,644774,32563,2,-14
Siracusa,Lecco,OK,1462527,57165,1462519,57649,8,-484
Siracusa,Livorno,OK,1199420,49448,1199490,49451,-70,-3
Siracusa,Lodi,OK,1386403,54376,1386396,54856,7,-480
Siracusa,Macerata,OK,996786,45365,996859,45368,-73,-3
Siracusa,Mantova,OK,1309082,52173,1309076,52654,6,-481
Siracusa,Massa,OK,1230043,49618,1230115,49621,-72,-3
Siracusa,Matera,OK,543208,28802,543184,28816,24,-14
Siracusa,Messina,OK,161365,6747,159050,6746,2315,1
Siracusa,Milano,OK,1410762,55170,1410754,55653,8,-483
Siracusa,Modena,OK,1242847,50596,1242846,51077,1,-481
Siracusa,Monza,OK,1422951,55568,1422943,56051,8,-483
Siracusa,Napoli,OK,657603,31541,657672,31543,-69,-2
Siracusa,Novara,OK,1464317,57680,1464300,58163,17,-483
Siracusa,Nuoro,OK,1333887,49030,1286147,208681,47740,-159651
Siracusa,Olbia,OK,1401943,52067,1184355,204410,217588,-152343
Siracusa,Oristano,OK,1414974,52528,1365477,212081,49497,-159553
Siracusa,Padova,OK,1330105,52900,1330097,53283,8,-383
Siracusa,Palermo,OK,259401,10644,259398,10644,3,0
Siracusa,Parma,OK,1295490,52276,1295483,52756,7,-480
Siracusa,Pavia,OK,1399636,55522,1399650,56004,-14,-482
Siracusa,Perugia,OK,1008237,43639,1008306,43642,-69,-3
Siracusa,Pesaro,OK,1076533,48206,1076592,48208,-59,-2
Siracusa,Piacenza,OK,1349964,53303,1349957,53781,7,-478
Siracusa,Pisa,OK,1190541,48975,1190610,48978,-69,-3
Siracusa,Pistoia,OK,1148882,46864,1149404,46903,-522,-39
Siracusa,Pordenone,OK,1438868,55763,1438864,56420,4,-657
Siracusa,Potenza,OK,563281,28423,563352,28426,-71,-3
Siracusa,Prato,OK,1132284,46482,1132353,46485,-69,-3
Siracusa,Ragusa,OK,88501,4681,88496,4662,5,19
Siracusa,Ravenna,OK,1201529,50930,1201598,50896,-69,34
Siracusa,Reggio di Calabria,OK,185796,12419,185796,12419,0,0
Siracusa,Rieti,OK,928949,40691,929019,40687,-70,4
Siracusa,Rimini,OK,1106966,49242,1107025,49245,-59,-3
Siracusa,Roma,OK,859262,38152,859332,38155,-70,-3
Siracusa,Rovigo,OK,1292054,51518,1292063,51902,-9,-384
Siracusa,Salerno,OK,603650,29307,603720,29309,-70,-2
Siracusa,Sanluri,OK,1378634,51075,1412626,213607,-33992,-162532
Siracusa,Sassari,OK,1445080,54384,1283199,209775,161881,-155391
Siracusa,Savona,OK,1385680,55827,1385757,55830,-77,-3
Siracusa,Siena,OK,1083803,45287,1083872,45290,-69,-3
Siracusa,Sondrio,OK,1542085,60840,1542144,61402,-59,-562
Siracusa,Taranto,OK,544930,28507,544929,28507,1,0
Siracusa,Tempio Pausania,OK,1443047,54272,1226516,206624,216531,-152352
Siracusa,Teramo,OK,926751,40817,926822,40816,-71,1
Siracusa,Terni,OK,939296,41009,939366,41012,-70,-3
Siracusa,Torino,OK,1529797,60149,1529790,60630,7,-481
Siracusa,Tortolì,OK,1243174,44512,1343818,211826,-100644,-167314
Siracusa,Trani,OK,645823,32517,645757,32513,66,4
Siracusa,Trapani,OK,362355,14830,362353,14831,2,-1
Siracusa,Trento,OK,1423393,55474,1423387,55956,6,-482
Siracusa,Treviso,OK,1381285,54360,1381281,54743,4,-383
Siracusa,Trieste,OK,1521174,58771,1521140,59523,34,-752
Siracusa,Udine,OK,1481088,57654,1481406,58477,-318,-823
Siracusa,Urbino,OK,1098101,48910,1098165,48925,-64,-15
Siracusa,Varese,OK,1470992,57243,1470985,57727,7,-484
Siracusa,Venezia,OK,1366408,53828,1365875,54165,533,-337
Siracusa,Verbania,OK,1515341,59264,1515338,59747,3,-483
Siracusa,Vercelli,OK,1495372,58682,1495361,59166,11,-484
Siracusa,Verona,OK,1341411,53193,1341411,53640,0,-447
Siracusa,Vibo Valentia,OK,257796,15805,257795,15805,1,0
Siracusa,Vicenza,OK,1362394,53852,1362387,54237,7,-385
Siracusa,Villacidro,OK,1406450,52451,1429540,214876,-23090,-162425
Siracusa,Viterbo,OK,943762,41379,943831,41382,-69,-3
Sondrio,Agrigento,OK,1635814,65844,1636374,65946,-560,-102
Sondrio,Alessandria,OK,230827,9891,230566,9994,261,-103
Sondrio,Ancona,OK,557854,22067,557897,22162,-43,-95
Sondrio,Andria,OK,960001,34541,960016,34635,-15,-94
Sondrio,Aosta,OK,309295,13389,309302,13474,-7,-85
Sondrio,Arezzo,OK,508592,18264,508578,18342,14,-78
Sondrio,Ascoli Piceno,OK,670359,24776,670373,24870,-14,-94
Sondrio,Asti,OK,267654,11213,267710,11295,-56,-82
Sondrio,Avellino,OK,929745,31544,929741,31682,4,-138
Sondrio,Bari,OK,1010620,36594,1010635,36688,-15,-94
Sondrio,Barletta,OK,959255,34615,959267,34709,-12,-94
Sondrio,Belluno,OK,266070,14251,266220,14253,-150,-2
Sondrio,Benevento,OK,912389,31427,912374,31505,15,-78
Sondrio,Bergamo,OK,114289,5920,114328,5997,-39,-77
Sondrio,Biella,OK,226805,10269,226815,10351,-10,-82
Sondrio,Bologna,OK,344234,12598,344272,12678,-38,-80
Sondrio,Bolzano - Bozen,OK,172680,9766,172728,9753,-48,13
Sondrio,Brescia,OK,142907,7771,142973,7839,-66,-68
Sondrio,Brindisi,OK,1124828,40574,1124842,40669,-14,-95
Sondrio,Cagliari,OK,1145672,36477,1219275,200503,-73603,-164026
Sondrio,Caltanissetta,OK,1585345,62707,1585905,62809,-560,-102
Sondrio,Campobasso,OK,874735,32328,874749,32422,-14,-94
Sondrio,Carbonia,OK,1212066,39247,1249571,202458,-37505,-163211
Sondrio,Caserta,OK,878246,29749,878232,29828,14,-79
Sondrio,Catania,OK,1476062,58356,1476626,58457,-564,-101
Sondrio,Catanzaro,OK,1291975,46128,1292536,46230,-561,-102
Sondrio,Chieti,OK,719334,26324,719087,26407,247,-83
Sondrio,Como,OK,109619,5431,109658,5509,-39,-78
Sondrio,Cosenza,OK,1198986,42412,1199547,42514,-561,-102
Sondrio,Cremona,OK,191624,9504,191691,9635,-67,-131
Sondrio,Crotone,OK,1277478,47370,1278039,47471,-561,-101
Sondrio,Cuneo,OK,359677,15794,359722,15876,-45,-82
Sondrio,Enna,OK,1559982,61851,1560542,61953,-560,-102
Sondrio,Fermo,OK,615646,23090,615660,23184,-14,-94
Sondrio,Ferrara,OK,385782,13873,385820,13954,-38,-81
Sondrio,Firenze,OK,437715,16339,437700,16417,15,-78
Sondrio,Foggia,OK,890182,31668,890196,31762,-14,-94
Sondrio,Forlì,OK,414526,15859,414555,15939,-29,-80
Sondrio,Frosinone,OK,769054,26509,769039,26587,15,-78
Sondrio,Genova,OK,284643,11632,284680,11711,-37,-79
Sondrio,Gorizia,OK,445220,17875,445303,18706,-83,-831
Sondrio,Grosseto,OK,570975,22231,571460,22307,-485,-76
Sondrio,Iglesias,OK,1189374,38205,1222600,201456,-33226,-163251
Sondrio,Imperia,OK,383110,15762,383148,15842,-38,-80
Sondrio,Isernia,OK,859710,30057,859694,30191,16,-134
Sondrio,L'Aquila,OK,795629,26863,795612,26942,17,-79
Sondrio,La Spezia,OK,353498,13939,353536,14020,-38,-81
Sondrio,Lanusei,OK,1023919,30119,1108533,196740,-84614,-166621
Sondrio,Latina,OK,771643,27390,771628,27450,15,-60
Sondrio,Lecce,OK,1160202,41976,1160215,42070,-13,-94
Sondrio,Lecco,OK,81425,3915,81464,3992,-39,-77
Sondrio,Livorno,OK,429343,17091,429381,17172,-38,-81
Sondrio,Lodi,OK,168364,8024,168402,8105,-38,-81
Sondrio,Macerata,OK,618269,22970,618286,23065,-17,-95
Sondrio,Mantova,OK,232280,10469,232347,10933,-67,-464
Sondrio,Massa,OK,370583,14686,370624,14767,-41,-81
Sondrio,Matera,OK,1035172,38680,1035193,38784,-21,-104
Sondrio,Messina,OK,1380473,54216,1381037,54317,-564,-101
Sondrio,Milano,OK,135294,6522,135331,6609,-37,-87
Sondrio,Modena,OK,308819,11518,308857,11599,-38,-81
Sondrio,Monza,OK,121038,5660,121076,5737,-38,-77
Sondrio,Napoli,OK,904044,30480,904029,30559,15,-79
Sondrio,Novara,OK,178227,8510,178255,8594,-28,-84
Sondrio,Nuoro,OK,1096586,33795,1048769,193522,47817,-159727
Sondrio,Olbia,OK,1164642,36831,946977,189251,217665,-152420
Sondrio,Oristano,OK,1177673,37292,1128099,196922,49574,-159630
Sondrio,Padova,OK,287550,12302,287616,12796,-66,-494
Sondrio,Palermo,OK,1227523,61203,1605459,63424,-377936,-2221
Sondrio,Parma,OK,256902,10045,256940,10126,-38,-81
Sondrio,Pavia,OK,178626,8117,178664,8197,-38,-80
Sondrio,Perugia,OK,585115,20829,585099,20907,16,-78
Sondrio,Pesaro,OK,493414,18365,493451,18460,-37,-95
Sondrio,Piacenza,OK,199943,8425,199979,8505,-36,-80
Sondrio,Pisa,OK,412117,16483,412155,16564,-38,-81
Sondrio,Pistoia,OK,445827,16200,446265,16315,-438,-115
Sondrio,Pordenone,OK,392241,15275,392310,16044,-69,-769
Sondrio,Potenza,OK,997163,37219,997178,37313,-15,-94
Sondrio,Prato,OK,429229,15818,429214,15896,15,-78
Sondrio,Ragusa,OK,1581923,63693,1582302,63795,-379,-102
Sondrio,Ravenna,OK,420877,15650,420914,15730,-37,-80
Sondrio,Reggio di Calabria,OK,1382665,49593,1383229,49695,-564,-102
Sondrio,Rieti,OK,695404,24548,695386,24626,18,-78
Sondrio,Rimini,OK,460803,16982,460840,17077,-37,-95
Sondrio,Roma,OK,706113,24819,706098,24898,15,-79
Sondrio,Rovigo,OK,292551,13331,292649,13788,-98,-457
Sondrio,Salerno,OK,946011,32161,945996,32239,15,-78
Sondrio,Sanluri,OK,1141334,35840,1175248,198448,-33914,-162608
Sondrio,Sassari,OK,1207779,39148,1045821,194616,161958,-155468
Sondrio,Savona,OK,307731,12782,307777,12863,-46,-81
Sondrio,Siena,OK,497465,18706,497449,18784,16,-78
Sondrio,Siracusa,OK,1540988,60839,1541552,60941,-564,-102
Sondrio,Taranto,OK,1094563,40208,1094618,40305,-55,-97
Sondrio,Tempio Pausania,OK,1205746,39037,989138,191465,216608,-152428
Sondrio,Teramo,OK,684632,25085,684643,25173,-11,-88
Sondrio,Terni,OK,659654,22533,659639,22611,15,-78
Sondrio,Torino,OK,266081,11752,266118,11836,-37,-84
Sondrio,Tortolì,OK,1005873,29277,1106440,196667,-100567,-167390
Sondrio,Trani,OK,970246,35024,970261,35118,-15,-94
Sondrio,Trapani,OK,1327572,65147,1708413,67611,-380841,-2464
Sondrio,Trento,OK,161190,8894,161238,8898,-48,-4
Sondrio,Treviso,OK,334659,13873,334728,14367,-69,-494
Sondrio,Trieste,OK,474547,18284,474587,19147,-40,-863
Sondrio,Udine,OK,434461,17166,434852,18101,-391,-935
Sondrio,Urbino,OK,516969,19854,517007,19949,-38,-95
Sondrio,Varese,OK,134902,7108,134933,7191,-31,-83
Sondrio,Venezia,OK,319781,13341,319322,13789,459,-448
Sondrio,Verbania,OK,217579,9765,217623,9843,-44,-78
Sondrio,Vercelli,OK,209282,9512,209316,9596,-34,-84
Sondrio,Verona,OK,209130,9846,209203,10349,-73,-503
Sondrio,Vibo Valentia,OK,1293579,46697,1294141,46798,-562,-101
Sondrio,Vicenza,OK,257883,11311,258186,11805,-303,-494
Sondrio,Villacidro,OK,1169149,37215,1192162,199717,-23013,-162502
Sondrio,Viterbo,OK,647468,22534,647460,22613,8,-79
Taranto,Agrigento,OK,637155,33227,637153,33227,2,0
Taranto,Alessandria,OK,998096,36146,997742,36165,354,-19
Taranto,Ancona,OK,547045,20094,547003,20092,42,2
Taranto,Andria,OK,140332,6285,140290,6283,42,2
Taranto,Aosta,OK,1146349,41783,1146263,41784,86,-1
Taranto,Arezzo,OK,727357,26426,727329,26432,28,-6
Taranto,Ascoli Piceno,OK,482349,17884,482306,17882,43,2
Taranto,Asti,OK,1033764,37374,1033728,37372,36,2
Taranto,Avellino,OK,292377,12836,292335,12834,42,2
Taranto,Bari,OK,95492,4454,95450,4452,42,2
Taranto,Barletta,OK,145818,6416,145775,6414,43,2
Taranto,Belluno,OK,989474,34880,989422,34877,52,3
Taranto,Benevento,OK,284031,12236,283989,12234,42,2
Taranto,Bergamo,OK,989095,35856,1006095,35914,-17000,-58
Taranto,Biella,OK,1063859,38663,1063776,38661,83,2
Taranto,Bologna,OK,749834,27904,749779,27901,55,3
Taranto,Bolzano - Bozen,OK,1030404,36898,1030350,36895,54,3
Taranto,Brescia,OK,944827,34082,944772,34295,55,-213
Taranto,Brindisi,OK,70345,3284,70345,3298,0,-14
Taranto,Cagliari,OK,1056126,34014,1129708,197965,-73582,-163951
Taranto,Caltanissetta,OK,586686,30089,586685,30090,1,-1
Taranto,Campobasso,OK,301828,13847,301787,13845,41,2
Taranto,Carbonia,OK,1122520,36784,1160003,199921,-37483,-163137
Taranto,Caserta,OK,346463,14515,346434,14520,29,-5
Taranto,Catania,OK,477403,25738,477406,25738,-3,0
Taranto,Catanzaro,OK,293315,13511,293316,13511,-1,0
Taranto,Chieti,OK,392293,15148,400704,15235,-8411,-87
Taranto,Como,OK,1013910,36163,1013854,36162,56,1
Taranto,Cosenza,OK,200327,9795,200327,9795,0,0
Taranto,Cremona,OK,929954,33614,929900,33611,54,3
Taranto,Crotone,OK,241655,12394,241655,12394,0,0
Taranto,Cuneo,OK,1125787,41954,1125740,41952,47,2
Taranto,Enna,OK,561322,29234,561322,29234,0,0
Taranto,Fermo,OK,494123,18103,494081,18101,42,2
Taranto,Ferrara,OK,791238,29208,791184,29205,54,3
Taranto,Firenze,OK,783182,28068,783479,28073,-297,-5
Taranto,Foggia,OK,215484,9240,215442,9238,42,2
Taranto,Forlì,OK,693539,25822,693485,25819,54,3
Taranto,Frosinone,OK,456035,17516,456006,17521,29,-5
Taranto,Genova,OK,1017596,36526,1017566,36530,30,-4
Taranto,Gorizia,OK,1023912,36727,1023873,37062,39,-335
Taranto,Grosseto,OK,712192,27479,712163,27484,29,-5
Taranto,Iglesias,OK,1099828,35742,1133032,198919,-33204,-163177
Taranto,Imperia,OK,1134212,41108,1134183,41113,29,-5
Taranto,Isernia,OK,388295,16575,388253,16572,42,3
Taranto,L'Aquila,OK,493653,18585,476409,18474,17244,111
Taranto,La Spezia,OK,931224,32992,931195,32997,29,-5
Taranto,Lanusei,OK,934373,27656,1018965,194203,-84592,-166547
Taranto,Latina,OK,502711,20136,502682,20144,29,-8
Taranto,Lecce,OK,106498,4720,106498,4734,0,-14
Taranto,Lecco,OK,1013491,36390,1013436,36390,55,0
Taranto,Livorno,OK,872573,31749,872544,31755,29,-6
Taranto,Lodi,OK,937367,33600,937312,33597,55,3
Taranto,Macerata,OK,530537,19691,530497,19689,40,2
Taranto,Mantova,OK,860047,31398,859992,31395,55,3
Taranto,Massa,OK,903196,31919,903170,31925,26,-6
Taranto,Matera,OK,72613,4032,72611,4040,2,-8
Taranto,Messina,OK,381813,21598,381816,21599,-3,-1
Taranto,Milano,OK,961727,34394,961671,34394,56,0
Taranto,Modena,OK,793811,29821,793762,29818,49,3
Taranto,Monza,OK,973915,34793,973860,34792,55,1
Taranto,Napoli,OK,344302,14405,344273,14411,29,-6
Taranto,Novara,OK,1015281,36904,1015216,36904,65,0
Taranto,Nuoro,OK,1007040,31332,959202,190984,47838,-159652
Taranto,Olbia,OK,1075096,34368,857409,186714,217687,-152346
Taranto,Oristano,OK,1088127,34829,1038531,194385,49596,-159556
Taranto,Padova,OK,862170,31265,862114,31262,56,3
Taranto,Palermo,OK,606235,30702,606238,30705,-3,-3
Taranto,Parma,OK,846454,31500,846400,31497,54,3
Taranto,Pavia,OK,950600,34746,950566,34744,34,2
Taranto,Perugia,OK,649111,24992,649068,24994,43,-2
Taranto,Pesaro,OK,610284,22532,610229,22529,55,3
Taranto,Piacenza,OK,900928,32528,900873,32522,55,6
Taranto,Pisa,OK,863694,31276,863665,31282,29,-6
Taranto,Pistoia,OK,822035,29165,822459,29207,-424,-42
Taranto,Pordenone,OK,970933,34128,970881,34399,52,-271
Taranto,Potenza,OK,153691,7612,153692,7612,-1,0
Taranto,Prato,OK,805437,28783,805408,28789,29,-6
Taranto,Ragusa,OK,583263,31076,583081,31076,182,0
Taranto,Ravenna,OK,699016,25960,698961,25920,55,40
Taranto,Reggio di Calabria,OK,384005,16976,384008,16976,-3,0
Taranto,Rieti,OK,553147,20690,553105,20683,42,7
Taranto,Rimini,OK,640717,23569,640663,23566,54,3
Taranto,Roma,OK,532415,20454,532386,20459,29,-5
Taranto,Rovigo,OK,824119,29883,824080,29881,39,2
Taranto,Salerno,OK,279751,13226,271238,13239,8513,-13
Taranto,Sanluri,OK,1051787,33377,1085680,195910,-33893,-162533
Taranto,Sassari,OK,1118233,36685,956253,192079,161980,-155394
Taranto,Savona,OK,1058833,38128,1058811,38134,22,-6
Taranto,Siena,OK,756956,27589,756927,27594,29,-5
Taranto,Siracusa,OK,542329,28222,542332,28222,-3,0
Taranto,Sondrio,OK,1093049,40064,1093061,40143,-12,-79
Taranto,Tempio Pausania,OK,1116200,36574,899571,188928,216629,-152354
Taranto,Teramo,OK,450940,16953,450894,16944,46,9
Taranto,Terni,OK,587613,22475,587572,22467,41,8
Taranto,Torino,OK,1080761,39374,1080706,39371,55,3
Taranto,Tortolì,OK,916327,26814,1016872,194130,-100545,-167316
Taranto,Trani,OK,132648,5911,132605,5908,43,3
Taranto,Trapani,OK,709189,34889,709192,34892,-3,-3
Taranto,Trento,OK,974358,34699,974303,34696,55,3
Taranto,Treviso,OK,913350,32725,913298,32722,52,3
Taranto,Trieste,OK,1053239,37136,1053157,37502,82,-366
Taranto,Udine,OK,1013153,36019,1013423,36456,-270,-437
Taranto,Urbino,OK,636565,23607,636510,23604,55,3
Taranto,Varese,OK,1021956,36468,1021901,36467,55,1
Taranto,Venezia,OK,898473,32193,897892,32144,581,49
Taranto,Verbania,OK,1066305,38488,1066255,38488,50,0
Taranto,Vercelli,OK,1046336,37907,1046277,37906,59,1
Taranto,Verona,OK,892375,32418,892328,32380,47,38
Taranto,Vibo Valentia,OK,294920,14079,294920,14079,0,0
Taranto,Vicenza,OK,894458,32217,894404,32216,54,1
Taranto,Villacidro,OK,1079603,34752,1102594,197179,-22991,-162427
Taranto,Viterbo,OK,616915,23680,616886,23685,29,-5
Tempio Pausania,Agrigento,OK,1530751,58465,1314107,210789,216644,-152324
Tempio Pausania,Alessandria,OK,1108482,34478,890887,187279,217595,-152801
Tempio Pausania,Ancona,OK,897976,26714,680788,179016,217188,-152302
Tempio Pausania,Andria,OK,950909,29970,734460,182320,216449,-152350
Tempio Pausania,Aosta,OK,1256735,40116,1039408,192897,217327,-152781
Tempio Pausania,Arezzo,OK,715554,21682,498336,173983,217218,-152301
Tempio Pausania,Ascoli Piceno,OK,796553,23592,579365,175894,217188,-152302
Tempio Pausania,Asti,OK,1144149,35706,926873,188485,217276,-152779
Tempio Pausania,Avellino,OK,824681,24165,607473,176525,217208,-152360
Tempio Pausania,Bari,OK,1001528,32023,785079,184373,216449,-152350
Tempio Pausania,Barletta,OK,950163,30044,733711,182394,216452,-152350
Tempio Pausania,Belluno,OK,1118759,34072,901467,186752,217292,-152680
Tempio Pausania,Benevento,OK,807325,24048,590106,176348,217219,-152300
Tempio Pausania,Bergamo,OK,1099481,34189,899240,187028,200241,-152839
Tempio Pausania,Biella,OK,1174245,36995,956921,189775,217324,-152780
Tempio Pausania,Bologna,OK,875692,26977,658398,179657,217294,-152680
Tempio Pausania,Bolzano - Bozen,OK,1140790,35230,923495,188008,217295,-152778
Tempio Pausania,Brescia,OK,1055212,32415,837917,185409,217295,-152994
Tempio Pausania,Brindisi,OK,1115735,36003,899286,188353,216449,-152350
Tempio Pausania,Cagliari,OK,248937,11019,248944,11019,-7,0
Tempio Pausania,Caltanissetta,OK,1480282,55328,1263638,207651,216644,-152323
Tempio Pausania,Campobasso,OK,803729,25375,586509,177731,217220,-152356
Tempio Pausania,Carbonia,OK,279230,12974,279240,12975,-10,-1
Tempio Pausania,Caserta,OK,773183,22370,555964,174670,217219,-152300
Tempio Pausania,Catania,OK,1370999,50977,1154359,203300,216640,-152323
Tempio Pausania,Catanzaro,OK,1186911,38749,970269,191073,216642,-152324
Tempio Pausania,Chieti,OK,787681,22764,567085,175076,220596,-152312
Tempio Pausania,Como,OK,1124296,34495,907000,187276,217296,-152781
Tempio Pausania,Cosenza,OK,1093923,35034,877280,187357,216643,-152323
Tempio Pausania,Cremona,OK,1040340,31947,823045,184725,217295,-152778
Tempio Pausania,Crotone,OK,1172415,39991,955772,192314,216643,-152323
Tempio Pausania,Cuneo,OK,1145902,37380,928690,189681,217212,-152301
Tempio Pausania,Enna,OK,1454918,54472,1238275,206796,216643,-152324
Tempio Pausania,Fermo,OK,845054,24723,627865,177025,217189,-152302
Tempio Pausania,Ferrara,OK,920523,28400,703228,181081,217295,-152681
Tempio Pausania,Firenze,OK,771379,23324,554486,175624,216893,-152300
Tempio Pausania,Foggia,OK,968815,28419,751618,180720,217197,-152301
Tempio Pausania,Forlì,OK,848536,27973,631317,180273,217219,-152300
Tempio Pausania,Frosinone,OK,663991,19130,446772,171430,217219,-152300
Tempio Pausania,Genova,OK,1005793,31782,788574,184080,217219,-152298
Tempio Pausania,Gorizia,OK,1153197,35920,935918,188937,217279,-153017
Tempio Pausania,Grosseto,OK,614001,19414,396782,171715,217219,-152301
Tempio Pausania,Iglesias,OK,252185,11968,252269,11973,-84,-5
Tempio Pausania,Imperia,OK,1122409,36363,905190,188663,217219,-152300
Tempio Pausania,Isernia,OK,754646,22678,537426,175034,217220,-152356
Tempio Pausania,L'Aquila,OK,704776,20012,487555,172312,217221,-152300
Tempio Pausania,La Spezia,OK,919421,28248,702202,180548,217219,-152300
Tempio Pausania,Lanusei,OK,203846,9963,203846,9963,0,0
Tempio Pausania,Latina,OK,635512,18845,418293,171145,217219,-152300
Tempio Pausania,Lecce,OK,1151109,37405,934660,189755,216449,-152350
Tempio Pausania,Lecco,OK,1123877,34723,906581,187503,217296,-152780
Tempio Pausania,Livorno,OK,749900,25414,532681,177715,217219,-152301
Tempio Pausania,Lodi,OK,1047753,31933,830457,184711,217296,-152778
Tempio Pausania,Macerata,OK,759200,25885,541982,178176,217218,-152291
Tempio Pausania,Mantova,OK,970432,29730,753137,182509,217295,-152779
Tempio Pausania,Massa,OK,891393,27175,674177,179476,217216,-152301
Tempio Pausania,Matera,OK,998147,33745,781676,186109,216471,-152364
Tempio Pausania,Messina,OK,1275410,46837,1058770,199160,216640,-152323
Tempio Pausania,Milano,OK,1072112,32727,854816,185508,217296,-152781
Tempio Pausania,Modena,OK,904197,28153,686907,180932,217290,-152779
Tempio Pausania,Monza,OK,1084301,33125,867005,185906,217296,-152781
Tempio Pausania,Napoli,OK,798981,23101,581762,175402,217219,-152301
Tempio Pausania,Novara,OK,1125667,35237,908362,188018,217305,-152781
Tempio Pausania,Nuoro,OK,144083,6745,144083,6745,0,0
Tempio Pausania,Olbia,OK,43745,2480,43745,2480,0,0
Tempio Pausania,Oristano,OK,157760,7439,157768,7439,-8,0
Tempio Pausania,Padova,OK,991455,30457,774158,183137,217297,-152680
Tempio Pausania,Palermo,OK,1122459,53824,1283192,208267,-160733,-154443
Tempio Pausania,Parma,OK,956840,29833,739545,182611,217295,-152778
Tempio Pausania,Pavia,OK,1060986,33079,843711,185858,217275,-152779
Tempio Pausania,Perugia,OK,685647,21454,468427,173754,217220,-152300
Tempio Pausania,Pesaro,OK,810339,27894,593114,180195,217225,-152301
Tempio Pausania,Piacenza,OK,1011314,30860,794019,183635,217295,-152775
Tempio Pausania,Pisa,OK,763768,26330,546550,178631,217218,-152301
Tempio Pausania,Pistoia,OK,810232,24421,593466,176758,216766,-152337
Tempio Pausania,Pordenone,OK,1100218,33320,882925,186274,217293,-152954
Tempio Pausania,Potenza,OK,953313,29897,736095,182197,217218,-152300
Tempio Pausania,Prato,OK,793634,24039,576415,176339,217219,-152300
Tempio Pausania,Ragusa,OK,1476859,56314,1260034,208638,216825,-152324
Tempio Pausania,Ravenna,OK,862879,28487,645660,180750,217219,-152263
Tempio Pausania,Reggio di Calabria,OK,1277601,42214,1060961,194538,216640,-152324
Tempio Pausania,Rieti,OK,654388,19806,437169,172106,217219,-152300
Tempio Pausania,Rimini,OK,835189,28283,618011,180585,217178,-152302
Tempio Pausania,Roma,OK,576309,16760,359051,169056,217258,-152296
Tempio Pausania,Rovigo,OK,953404,29075,736125,181756,217279,-152681
Tempio Pausania,Salerno,OK,840947,24782,623729,177082,217218,-152300
Tempio Pausania,Sanluri,OK,204909,8964,204917,8964,-8,0
Tempio Pausania,Sassari,OK,70701,3899,69160,3845,1541,54
Tempio Pausania,Savona,OK,1047030,33384,829819,185684,217211,-152300
Tempio Pausania,Siena,OK,745153,22844,527934,175144,217219,-152300
Tempio Pausania,Siracusa,OK,1435925,53460,1219285,205784,216640,-152324
Tempio Pausania,Sondrio,OK,1203435,38397,986206,191257,217229,-152860
Tempio Pausania,Taranto,OK,1085470,35637,869063,187989,216407,-152352
Tempio Pausania,Teramo,OK,762419,21612,545231,173913,217188,-152301
Tempio Pausania,Terni,OK,616705,18824,399487,171124,217218,-152300
Tempio Pausania,Torino,OK,1191147,37706,973852,190485,217295,-152779
Tempio Pausania,Tortolì,OK,201774,9892,201753,9891,21,1
Tempio Pausania,Trani,OK,961154,30453,744705,182803,216449,-152350
Tempio Pausania,Trapani,OK,1222509,57768,1386146,212454,-163637,-154686
Tempio Pausania,Trento,OK,1084743,33032,867448,185810,217295,-152778
Tempio Pausania,Treviso,OK,1042635,31917,825343,184598,217292,-152681
Tempio Pausania,Trieste,OK,1182524,36328,965202,189377,217322,-153049
Tempio Pausania,Udine,OK,1142438,35211,925468,188332,216970,-153121
Tempio Pausania,Urbino,OK,775510,26725,558286,179038,217224,-152313
Tempio Pausania,Varese,OK,1132342,34800,915046,187581,217296,-152781
Tempio Pausania,Venezia,OK,1027758,31386,809937,184020,217821,-152634
Tempio Pausania,Verbania,OK,1176691,36821,959400,189601,217291,-152780
Tempio Pausania,Vercelli,OK,1156722,36239,939422,189020,217300,-152781
Tempio Pausania,Verona,OK,1002761,30750,785473,183494,217288,-152744
Tempio Pausania,Vibo Valentia,OK,1188516,39318,971874,191641,216642,-152323
Tempio Pausania,Vicenza,OK,1023744,31409,806449,184091,217295,-152682
Tempio Pausania,Villacidro,OK,222068,10232,221831,10233,237,-1
Tempio Pausania,Viterbo,OK,562039,16659,344820,168959,217219,-152300
Teramo,Agrigento,OK,1014297,45980,1014869,46001,-572,-21
Teramo,Alessandria,OK,606815,21974,606502,21995,313,-21
Teramo,Ancona,OK,155764,5923,155763,5922,1,1
Teramo,Andria,OK,316751,11374,316751,11372,0,2
Teramo,Aosta,OK,755068,27612,755024,27614,44,-2
Teramo,Arezzo,OK,363403,11734,363422,11733,-19,1
Teramo,Ascoli Piceno,OK,34249,2006,34249,2006,0,0
Teramo,Asti,OK,642482,23202,642488,23202,-6,0
Teramo,Avellino,OK,308227,11679,308236,11737,-9,-58
Teramo,Bari,OK,367371,13428,367370,13426,1,2
Teramo,Barletta,OK,316006,11448,316002,11446,4,2
Teramo,Belluno,OK,598193,20708,598183,20707,10,1
Teramo,Benevento,OK,290872,11562,290869,11560,3,2
Teramo,Bergamo,OK,597814,21685,614855,21745,-17041,-60
Teramo,Biella,OK,672578,24491,672536,24491,42,0
Teramo,Bologna,OK,358553,13732,358540,13731,13,1
Teramo,Bolzano - Bozen,OK,639123,22726,639110,22725,13,1
Teramo,Brescia,OK,553545,19911,553533,20125,12,-214
Teramo,Brindisi,OK,481578,17408,481577,17406,1,2
Teramo,Cagliari,OK,706995,19821,780624,183750,-73629,-163929
Teramo,Caltanissetta,OK,963828,42842,964401,42863,-573,-21
Teramo,Campobasso,OK,231485,9161,231484,9159,1,2
Teramo,Carbonia,OK,773390,22591,810920,185705,-37530,-163114
Teramo,Caserta,OK,256729,9884,256727,9882,2,2
Teramo,Catania,OK,854545,38491,855122,38512,-577,-21
Teramo,Catanzaro,OK,670457,26263,671032,26284,-575,-21
Teramo,Chieti,OK,76084,3157,75822,3144,262,13
Teramo,Como,OK,622628,21991,622615,21993,13,-2
Teramo,Cosenza,OK,577469,22548,578042,22569,-573,-21
Teramo,Cremona,OK,538673,19443,538660,19442,13,1
Teramo,Crotone,OK,655961,27505,656534,27526,-573,-21
Teramo,Cuneo,OK,793751,27432,793776,27431,-25,1
Teramo,Enna,OK,938465,41987,939037,42008,-572,-21
Teramo,Fermo,OK,102842,3931,102841,3931,1,0
Teramo,Ferrara,OK,399957,15036,399944,15035,13,1
Teramo,Firenze,OK,419228,13375,419572,13374,-344,1
Teramo,Foggia,OK,246932,8501,246931,8499,1,2
Teramo,Forlì,OK,302258,11650,302245,11649,13,1
Teramo,Frosinone,OK,180775,6751,180992,6755,-217,-4
Teramo,Genova,OK,653641,21833,653660,21830,-19,3
Teramo,Gorizia,OK,632630,22556,632634,22892,-4,-336
Teramo,Grosseto,OK,363062,13286,363080,13268,-18,18
Teramo,Iglesias,OK,750697,21549,783949,184703,-33252,-163154
Teramo,Imperia,OK,770258,26415,770276,26414,-18,1
Teramo,Isernia,OK,200548,8700,200552,8698,-4,2
Teramo,L'Aquila,OK,63505,2145,63462,2143,43,2
Teramo,La Spezia,OK,567270,18299,567288,18298,-18,1
Teramo,Lanusei,OK,585242,13463,669882,179987,-84640,-166524
Teramo,Latina,OK,229578,8344,229596,8306,-18,38
Teramo,Lecce,OK,516952,18809,516950,18807,2,2
Teramo,Lecco,OK,622210,22218,622196,22220,14,-2
Teramo,Livorno,OK,508619,17056,508637,17055,-18,1
Teramo,Lodi,OK,546086,19429,546073,19427,13,2
Teramo,Macerata,OK,139255,5519,139257,5519,-2,0
Teramo,Mantova,OK,468765,17226,468753,17225,12,1
Teramo,Massa,OK,539241,17227,539263,17226,-22,1
Teramo,Matera,OK,391922,15514,391928,15521,-6,-7
Teramo,Messina,OK,758956,34351,759532,34372,-576,-21
Teramo,Milano,OK,570445,20223,570431,20224,14,-1
Teramo,Modena,OK,402530,15649,402523,15648,7,1
Teramo,Monza,OK,582633,20621,582620,20622,13,-1
Teramo,Napoli,OK,282527,10616,282525,10613,2,3
Teramo,Novara,OK,623999,22733,623977,22734,22,-1
Teramo,Nuoro,OK,657909,17139,610118,176769,47791,-159630
Teramo,Olbia,OK,725965,20175,508326,172498,217639,-152323
Teramo,Oristano,OK,738996,20636,689448,180169,49548,-159533
Teramo,Padova,OK,470889,17093,470874,17092,15,1
Teramo,Palermo,OK,606006,41338,983954,43479,-377948,-2141
Teramo,Parma,OK,455172,17329,455160,17327,12,2
Teramo,Pavia,OK,559319,20575,559327,20575,-8,0
Teramo,Perugia,OK,186295,9713,186307,9714,-12,-1
Teramo,Pesaro,OK,219002,8360,218990,8359,12,1
Teramo,Piacenza,OK,509646,18356,509634,18352,12,4
Teramo,Pisa,OK,499740,16584,499758,16583,-18,1
Teramo,Pistoia,OK,458081,14472,458552,14508,-471,-36
Teramo,Pordenone,OK,579652,19956,579641,20229,11,-273
Teramo,Potenza,OK,353913,14053,353913,14051,0,2
Teramo,Prato,OK,441483,14090,441501,14089,-18,1
Teramo,Ragusa,OK,960406,43828,960797,43850,-391,-22
Teramo,Ravenna,OK,307734,11789,307722,11750,12,39
Teramo,Reggio di Calabria,OK,761148,29728,761724,29749,-576,-21
Teramo,Rieti,OK,116499,4988,116428,4983,71,5
Teramo,Rimini,OK,249436,9397,249423,9396,13,1
Teramo,Roma,OK,174215,5858,174233,5841,-18,17
Teramo,Rovigo,OK,432837,15712,432841,15711,-4,1
Teramo,Salerno,OK,324494,12296,324491,12293,3,3
Teramo,Sanluri,OK,702657,19183,736597,181694,-33940,-162511
Teramo,Sassari,OK,769103,22492,607170,177863,161933,-155371
Teramo,Savona,OK,694879,23435,694905,23435,-26,0
Teramo,Siena,OK,393002,12896,393020,12895,-18,1
Teramo,Siracusa,OK,919471,40974,920047,40995,-576,-21
Teramo,Sondrio,OK,701768,25893,701821,25973,-53,-80
Teramo,Taranto,OK,451313,17041,451353,17042,-40,-1
Teramo,Tempio Pausania,OK,767070,22380,550487,174712,216583,-152332
Teramo,Terni,OK,150430,6761,150359,6756,71,5
Teramo,Torino,OK,689479,25202,689467,25201,12,1
Teramo,Tortolì,OK,567196,12621,667789,179914,-100593,-167293
Teramo,Trani,OK,326996,11857,326996,11855,0,2
Teramo,Trapani,OK,706055,45283,1086908,47665,-380853,-2382
Teramo,Trento,OK,583076,20527,583064,20526,12,1
Teramo,Treviso,OK,522069,18554,522059,18552,10,2
Teramo,Trieste,OK,661957,22965,661918,23332,39,-367
Teramo,Udine,OK,621871,21847,622184,22287,-313,-440
Teramo,Urbino,OK,245283,9435,245271,9434,12,1
Teramo,Varese,OK,630675,22296,630662,22298,13,-2
Teramo,Venezia,OK,507191,18022,506653,17975,538,47
Teramo,Verbania,OK,675024,24317,675015,24318,9,-1
Teramo,Vercelli,OK,655055,23735,655038,23736,17,-1
Teramo,Verona,OK,501094,18246,501088,18210,6,36
Teramo,Vibo Valentia,OK,672062,26832,672636,26853,-574,-21
Teramo,Vicenza,OK,503177,18045,503165,18046,12,-1
Teramo,Villacidro,OK,730473,20559,753511,182963,-23038,-162404
Teramo,Viterbo,OK,252960,8987,252979,8986,-19,1
Terni,Agrigento,OK,1033007,45770,1033582,45793,-575,-23
Terni,Alessandria,OK,564034,18308,563658,18808,376,-500
Terni,Ancona,OK,208634,9214,208634,9214,0,0
Terni,Andria,OK,453165,17274,453936,17324,-771,-50
Terni,Aosta,OK,712287,23946,712179,24427,108,-481
Terni,Arezzo,OK,171107,5512,171107,5512,0,0
Terni,Ascoli Piceno,OK,119538,6800,119575,6797,-37,3
Terni,Asti,OK,599702,19536,599644,20015,58,-479
Terni,Avellino,OK,326938,11469,326949,11529,-11,-60
Terni,Bari,OK,503784,19327,504555,19377,-771,-50
Terni,Barletta,OK,452419,17348,453187,17398,-768,-50
Terni,Belluno,OK,574312,17902,574238,18282,74,-380
Terni,Benevento,OK,309582,11352,309582,11352,0,0
Terni,Bergamo,OK,555033,18019,572011,18558,-16978,-539
Terni,Biella,OK,629797,20825,629692,21304,105,-479
Terni,Bologna,OK,331244,10807,331169,11187,75,-380
Terni,Bolzano - Bozen,OK,596342,19060,596266,19538,76,-478
Terni,Brescia,OK,510765,16245,510689,16938,76,-693
Terni,Brindisi,OK,617992,23308,618762,23357,-770,-49
Terni,Cagliari,OK,557377,16580,630988,180527,-73611,-163947
Terni,Caltanissetta,OK,982538,42632,983114,42655,-576,-23
Terni,Campobasso,OK,305986,12680,305985,12735,1,-55
Terni,Carbonia,OK,623772,19350,661284,182482,-37512,-163132
Terni,Caserta,OK,275439,9674,275440,9674,-1,0
Terni,Catania,OK,873255,38281,873834,38304,-579,-23
Terni,Catanzaro,OK,689168,26054,689745,26077,-577,-23
Terni,Chieti,OK,202002,9016,198601,9025,3401,-9
Terni,Como,OK,579848,18325,579771,18806,77,-481
Terni,Cosenza,OK,596179,22338,596755,22361,-576,-23
Terni,Cremona,OK,495892,15777,495816,16255,76,-478
Terni,Crotone,OK,674671,27295,675247,27318,-576,-23
Terni,Cuneo,OK,601454,21210,601461,21211,-7,-1
Terni,Enna,OK,957175,41777,957750,41800,-575,-23
Terni,Fermo,OK,178632,8890,178631,8890,1,0
Terni,Ferrara,OK,376075,12230,375999,12610,76,-380
Terni,Firenze,OK,226931,7154,227257,7153,-326,1
Terni,Foggia,OK,376824,14576,376720,14568,104,8
Terni,Forlì,OK,246368,10236,246368,10236,0,0
Terni,Frosinone,OK,166247,6434,166247,6434,0,0
Terni,Genova,OK,461345,15612,461345,15610,0,2
Terni,Gorizia,OK,608749,19749,608689,20466,60,-717
Terni,Grosseto,OK,189372,9227,189372,9227,0,0
Terni,Iglesias,OK,601079,18308,634313,181480,-33234,-163172
Terni,Imperia,OK,577961,20193,577962,20193,-1,0
Terni,Isernia,OK,256903,9983,256902,10038,1,-55
Terni,L'Aquila,OK,91654,4920,91518,4910,136,10
Terni,La Spezia,OK,374973,12078,374973,12078,0,0
Terni,Lanusei,OK,435624,10222,520246,176764,-84622,-166542
Terni,Latina,OK,168836,7316,168836,7297,0,19
Terni,Lecce,OK,653366,24709,654135,24759,-769,-50
Terni,Lecco,OK,579429,18552,579352,19033,77,-481
Terni,Livorno,OK,316322,10835,316322,10835,0,0
Terni,Lodi,OK,503305,15762,503228,16240,77,-478
Terni,Macerata,OK,146008,7355,146010,7345,-2,10
Terni,Mantova,OK,425984,13560,425908,14038,76,-478
Terni,Massa,OK,346945,11005,346948,11005,-3,0
Terni,Matera,OK,500404,21049,501152,21113,-748,-64
Terni,Messina,OK,777666,34141,778245,34164,-579,-23
Terni,Milano,OK,527664,16557,527587,17037,77,-480
Terni,Modena,OK,359749,11983,359678,12461,71,-478
Terni,Monza,OK,539853,16955,539776,17435,77,-480
Terni,Napoli,OK,301237,10406,301237,10406,0,0
Terni,Novara,OK,581219,19067,581133,19547,86,-480
Terni,Nuoro,OK,508291,13898,460482,173546,47809,-159648
Terni,Olbia,OK,576347,16934,358690,169275,217657,-152341
Terni,Oristano,OK,589378,17395,539812,176946,49566,-159551
Terni,Padova,OK,447007,14287,446929,14667,78,-380
Terni,Palermo,OK,624716,41128,1002667,43271,-377951,-2143
Terni,Parma,OK,412392,13662,412316,14140,76,-478
Terni,Pavia,OK,516538,16908,516482,17388,56,-480
Terni,Perugia,OK,81277,3235,81276,3235,1,0
Terni,Pesaro,OK,205969,9675,205964,9676,5,-1
Terni,Piacenza,OK,466866,14690,466790,15165,76,-475
Terni,Pisa,OK,307443,10362,307443,10362,0,0
Terni,Pistoia,OK,265784,8251,266237,8287,-453,-36
Terni,Pordenone,OK,555770,17150,555697,17804,73,-654
Terni,Potenza,OK,455569,17201,455570,17201,-1,0
Terni,Prato,OK,249186,7869,249186,7869,0,0
Terni,Ragusa,OK,979116,43619,979510,43642,-394,-23
Terni,Ravenna,OK,260711,10750,260711,10713,0,37
Terni,Reggio di Calabria,OK,779858,29519,780437,29542,-579,-23
Terni,Rieti,OK,36711,2130,36708,2129,3,1
Terni,Rimini,OK,233446,10571,233487,10572,-41,-1
Terni,Roma,OK,103306,4745,103306,4745,0,0
Terni,Rovigo,OK,408956,12905,408896,13286,60,-381
Terni,Salerno,OK,343204,12086,343204,12086,0,0
Terni,Sanluri,OK,553039,15943,586961,178471,-33922,-162528
Terni,Sassari,OK,619485,19251,457534,174640,161951,-155389
Terni,Savona,OK,502582,17213,502590,17214,-8,-1
Terni,Siena,OK,200705,6674,200705,6674,0,0
Terni,Siracusa,OK,938181,40765,938760,40788,-579,-23
Terni,Sondrio,OK,658987,22227,658977,22786,10,-559
Terni,Taranto,OK,587727,22941,588538,22993,-811,-52
Terni,Tempio Pausania,OK,617452,19140,400851,171489,216601,-152349
Terni,Teramo,OK,150751,6600,150647,6592,104,8
Terni,Torino,OK,646699,21536,646623,22014,76,-478
Terni,Tortolì,OK,417578,9380,518153,176691,-100575,-167311
Terni,Trani,OK,463410,17757,464181,17807,-771,-50
Terni,Trapani,OK,724765,45073,1105621,47458,-380856,-2385
Terni,Trento,OK,540295,16861,540219,17340,76,-479
Terni,Treviso,OK,498187,15747,498114,16127,73,-380
Terni,Trieste,OK,638076,20158,637973,20907,103,-749
Terni,Udine,OK,597990,19041,598239,19861,-249,-820
Terni,Urbino,OK,171141,8506,171135,8518,6,-12
Terni,Varese,OK,587894,18630,587817,19111,77,-481
Terni,Venezia,OK,483310,15215,482708,15549,602,-334
Terni,Verbania,OK,632243,20651,632171,21131,72,-480
Terni,Vercelli,OK,612274,20069,612193,20550,81,-481
Terni,Verona,OK,458313,14580,458244,15024,69,-444
Terni,Vibo Valentia,OK,690772,26622,691349,26645,-577,-23
Terni,Vicenza,OK,479296,15239,479220,15621,76,-382
Terni,Villacidro,OK,580855,17318,603875,179740,-23020,-162422
Terni,Viterbo,OK,59173,2637,59173,2637,0,0
Torino,Agrigento,OK,1623540,65011,1624063,65032,-523,-21
Torino,Alessandria,OK,99845,4531,93174,4626,6671,-95
Torino,Ancona,OK,545580,21234,545586,21249,-6,-15
Torino,Andria,OK,947727,33708,947704,33721,23,-13
Torino,Aosta,OK,114118,5129,114118,5129,0,0
Torino,Arezzo,OK,496318,17431,496267,17429,51,2
Torino,Ascoli Piceno,OK,658085,23943,658062,23956,23,-13
Torino,Asti,OK,58138,2833,58157,2834,-19,-1
Torino,Avellino,OK,917471,30711,917429,30769,42,-58
Torino,Bari,OK,998346,35761,998323,35775,23,-14
Torino,Barletta,OK,946982,33782,946955,33795,27,-13
Torino,Belluno,OK,493177,17435,493178,17862,-1,-427
Torino,Benevento,OK,900115,30594,900062,30592,53,2
Torino,Bergamo,OK,182241,7456,182240,7456,1,0
Torino,Biella,OK,84039,4113,84012,4112,27,1
Torino,Bologna,OK,331960,11765,331960,11765,0,0
Torino,Bolzano - Bozen,OK,429924,15883,429925,16262,-1,-379
Torino,Brescia,OK,230809,9431,230807,9430,2,1
Torino,Brindisi,OK,1112554,39742,1112530,39755,24,-13
Torino,Cagliari,OK,1133398,35644,1206964,199589,-73566,-163945
Torino,Caltanissetta,OK,1573071,61874,1573594,61895,-523,-21
Torino,Campobasso,OK,862461,31495,862437,31508,24,-13
Torino,Carbonia,OK,1199792,38414,1237260,201545,-37468,-163131
Torino,Caserta,OK,865972,28916,865920,28914,52,2
Torino,Catania,OK,1463789,57523,1464315,57544,-526,-21
Torino,Catanzaro,OK,1279701,45295,1280225,45316,-524,-21
Torino,Chieti,OK,707060,25491,706775,25494,285,-3
Torino,Como,OK,166207,6910,166206,6909,1,1
Torino,Cosenza,OK,1186712,41580,1187236,41600,-524,-20
Torino,Cremona,OK,220400,8722,220400,8722,0,0
Torino,Crotone,OK,1265204,46537,1265728,46558,-524,-21
Torino,Cuneo,OK,97763,4411,97770,4412,-7,-1
Torino,Enna,OK,1547708,61018,1548231,61039,-523,-21
Torino,Fermo,OK,603372,22257,603349,22270,23,-13
Torino,Ferrara,OK,373508,13040,373508,13040,0,0
Torino,Firenze,OK,425441,15506,425388,15503,53,3
Torino,Foggia,OK,877908,30835,877885,30848,23,-13
Torino,Forlì,OK,402252,15026,402244,15025,8,1
Torino,Frosinone,OK,756780,25676,756727,25674,53,2
Torino,Genova,OK,170573,7562,170573,7562,0,0
Torino,Gorizia,OK,527614,19283,527629,20047,-15,-764
Torino,Grosseto,OK,485735,20050,485734,20048,1,2
Torino,Iglesias,OK,1177100,37372,1210289,200543,-33189,-163171
Torino,Imperia,OK,174081,8473,174081,8473,0,0
Torino,Isernia,OK,847436,29224,847382,29278,54,-54
Torino,L'Aquila,OK,783356,26030,783301,26028,55,2
Torino,La Spezia,OK,277762,11345,277761,11344,1,1
Torino,Lanusei,OK,1011645,29286,1096221,195826,-84576,-166540
Torino,Latina,OK,759369,26558,759316,26537,53,21
Torino,Lecce,OK,1147928,41143,1147904,41156,24,-13
Torino,Lecco,OK,185868,7944,185867,7944,1,0
Torino,Livorno,OK,353673,14490,353673,14490,0,0
Torino,Lodi,OK,176883,7922,176882,7922,1,0
Torino,Macerata,OK,605995,22137,605975,22151,20,-14
Torino,Mantova,OK,314674,11877,279411,11936,35263,-59
Torino,Massa,OK,294913,12084,294916,12084,-3,0
Torino,Matera,OK,1022898,37847,1022881,37870,17,-23
Torino,Messina,OK,1368199,53383,1368725,53404,-526,-21
Torino,Milano,OK,140766,6352,140765,6352,1,0
Torino,Modena,OK,296545,10685,296545,10685,0,0
Torino,Monza,OK,148043,6455,148306,6461,-263,-6
Torino,Napoli,OK,891770,29647,891718,29645,52,2
Torino,Novara,OK,96445,4680,96444,4680,1,0
Torino,Nuoro,OK,1084312,32962,1036458,192608,47854,-159646
Torino,Olbia,OK,1152368,35998,934665,188338,217703,-152340
Torino,Oristano,OK,1165399,36459,1115787,196009,49612,-159550
Torino,Padova,OK,369944,13710,369943,14137,1,-427
Torino,Palermo,OK,1215249,60370,1593147,62510,-377898,-2140
Torino,Parma,OK,244628,9212,244628,9212,0,0
Torino,Pavia,OK,160975,6463,160975,6463,0,0
Torino,Perugia,OK,572841,19996,572788,19994,53,2
Torino,Pesaro,OK,481140,17532,481140,17547,0,-15
Torino,Piacenza,OK,192903,7736,192903,7732,0,4
Torino,Pisa,OK,336447,13881,336447,13881,0,0
Torino,Pistoia,OK,373285,14617,373738,14653,-453,-36
Torino,Pordenone,OK,474635,16683,474637,17384,-2,-701
Torino,Potenza,OK,984889,36386,984866,36400,23,-14
Torino,Prato,OK,416955,14985,416902,14983,53,2
Torino,Ragusa,OK,1569649,62860,1569990,62881,-341,-21
Torino,Ravenna,OK,408604,14817,408602,14817,2,0
Torino,Reggio di Calabria,OK,1370391,48760,1370917,48781,-526,-21
Torino,Rieti,OK,683130,23715,683074,23712,56,3
Torino,Rimini,OK,448529,16149,448529,16164,0,-15
Torino,Roma,OK,693839,23986,693787,23984,52,2
Torino,Rovigo,OK,406389,13715,406405,13716,-16,-1
Torino,Salerno,OK,933737,31328,933685,31325,52,3
Torino,Sanluri,OK,1129060,35007,1162936,197534,-33876,-162527
Torino,Sassari,OK,1195506,38315,1033510,193703,161996,-155388
Torino,Savona,OK,143166,6054,143229,6058,-63,-4
Torino,Siena,OK,485191,17873,485138,17871,53,2
Torino,Siracusa,OK,1528714,60006,1529241,60027,-527,-21
Torino,Sondrio,OK,265426,11618,265491,11697,-65,-79
Torino,Taranto,OK,1082289,39375,1082306,39391,-17,-16
Torino,Tempio Pausania,OK,1193473,38204,976827,190552,216646,-152348
Torino,Teramo,OK,672358,24252,672331,24259,27,-7
Torino,Terni,OK,647380,21700,647328,21698,52,2
Torino,Tortolì,OK,993599,28444,1094129,195754,-100530,-167310
Torino,Trani,OK,957972,34191,957949,34204,23,-13
Torino,Trapani,OK,1315298,64314,1696101,66697,-380803,-2383
Torino,Trento,OK,373877,13684,373878,14063,-1,-379
Torino,Treviso,OK,417052,15281,417054,15707,-2,-426
Torino,Trieste,OK,556941,19692,556913,20487,28,-795
Torino,Udine,OK,516855,18574,517179,19442,-324,-868
Torino,Urbino,OK,504695,19021,504696,19036,-1,-15
Torino,Varese,OK,151479,6507,151475,6507,4,0
Torino,Venezia,OK,402175,14749,401648,15130,527,-381
Torino,Verbania,OK,150536,6663,150535,6663,1,0
Torino,Vercelli,OK,74856,3643,74856,3643,0,0
Torino,Verona,OK,291524,11254,291530,11689,-6,-435
Torino,Vibo Valentia,OK,1281305,45864,1281830,45885,-525,-21
Torino,Vicenza,OK,340277,12719,340512,13145,-235,-426
Torino,Villacidro,OK,1156875,36382,1179851,198803,-22976,-162421
Torino,Viterbo,OK,635194,21701,635148,21700,46,1
Tortolì,Agrigento,OK,1330166,48655,1431121,215937,-100955,-167282
Tortolì,Alessandria,OK,907897,24668,1007902,192427,-100005,-167759
Tortolì,Ancona,OK,697391,16904,797802,184165,-100411,-167261
Tortolì,Andria,OK,750324,20160,851475,187468,-101151,-167308
Tortolì,Aosta,OK,1056150,30306,1156423,198046,-100273,-167740
Tortolì,Arezzo,OK,514970,11872,615351,179131,-100381,-167259
Tortolì,Ascoli Piceno,OK,595968,13782,696379,181042,-100411,-167260
Tortolì,Asti,OK,943565,25896,1043888,193634,-100323,-167738
Tortolì,Avellino,OK,624096,14355,724488,181674,-100392,-167319
Tortolì,Bari,OK,800943,22213,902094,189522,-101151,-167309
Tortolì,Barletta,OK,749578,20234,850726,187542,-101148,-167308
Tortolì,Belluno,OK,918175,24262,1018481,191901,-100306,-167639
Tortolì,Benevento,OK,606740,14238,707121,181497,-100381,-167259
Tortolì,Bergamo,OK,898896,24379,1016255,192177,-117359,-167798
Tortolì,Biella,OK,973660,27185,1073936,194923,-100276,-167738
Tortolì,Bologna,OK,675108,17167,775412,184806,-100304,-167639
Tortolì,Bolzano - Bozen,OK,940205,25420,1040510,193157,-100305,-167737
Tortolì,Brescia,OK,854628,22605,954932,190557,-100304,-167952
Tortolì,Brindisi,OK,915151,26193,1016301,193502,-101150,-167309
Tortolì,Cagliari,OK,140164,7237,140168,7237,-4,0
Tortolì,Caltanissetta,OK,1279697,45518,1380653,212800,-100956,-167282
Tortolì,Campobasso,OK,603144,15565,703524,182880,-100380,-167315
Tortolì,Carbonia,OK,206559,10007,206544,10005,15,2
Tortolì,Caserta,OK,572598,12560,672979,179819,-100381,-167259
Tortolì,Catania,OK,1170414,41167,1271373,208449,-100959,-167282
Tortolì,Catanzaro,OK,986326,28939,1087283,196221,-100957,-167282
Tortolì,Chieti,OK,587096,12954,684099,180224,-97003,-167270
Tortolì,Como,OK,923711,24685,1024014,192425,-100303,-167740
Tortolì,Cosenza,OK,893338,25224,994294,192505,-100956,-167281
Tortolì,Cremona,OK,839755,22137,940060,189874,-100305,-167737
Tortolì,Crotone,OK,971830,30181,1072786,197463,-100956,-167282
Tortolì,Cuneo,OK,945317,27570,1045705,194830,-100388,-167260
Tortolì,Enna,OK,1254333,44662,1355289,211945,-100956,-167283
Tortolì,Fermo,OK,644469,14913,744880,182173,-100411,-167260
Tortolì,Ferrara,OK,719938,18590,820242,186229,-100304,-167639
Tortolì,Firenze,OK,570794,13514,671501,180772,-100707,-167258
Tortolì,Foggia,OK,768230,18609,868632,185869,-100402,-167260
Tortolì,Forlì,OK,647951,18163,748331,185422,-100380,-167259
Tortolì,Frosinone,OK,463406,9320,563786,176579,-100380,-167259
Tortolì,Genova,OK,805208,21972,905588,189229,-100380,-167257
Tortolì,Gorizia,OK,952612,26110,1052932,194085,-100320,-167975
Tortolì,Grosseto,OK,413416,9604,513796,176863,-100380,-167259
Tortolì,Iglesias,OK,183866,8965,183872,8965,-6,0
Tortolì,Imperia,OK,921824,26553,1022205,193812,-100381,-167259
Tortolì,Isernia,OK,554061,12868,654441,180183,-100380,-167315
Tortolì,L'Aquila,OK,504191,10202,604569,177460,-100378,-167258
Tortolì,La Spezia,OK,718836,18438,819216,185697,-100380,-167259
Tortolì,Lanusei,OK,18412,879,18412,879,0,0
Tortolì,Latina,OK,434927,9035,535308,176294,-100381,-167259
Tortolì,Lecce,OK,950524,27595,1051674,194903,-101150,-167308
Tortolì,Lecco,OK,923292,24913,1023596,192652,-100304,-167739
Tortolì,Livorno,OK,549315,15604,649695,182863,-100380,-167259
Tortolì,Lodi,OK,847168,22123,947472,189859,-100304,-167736
Tortolì,Macerata,OK,558615,16075,658997,183324,-100382,-167249
Tortolì,Mantova,OK,769848,19920,870152,187657,-100304,-167737
Tortolì,Massa,OK,690808,17365,791192,184624,-100384,-167259
Tortolì,Matera,OK,797563,23935,898691,191257,-101128,-167322
Tortolì,Messina,OK,1074825,37027,1175784,204309,-100959,-167282
Tortolì,Milano,OK,871528,22917,971830,190656,-100302,-167739
Tortolì,Modena,OK,703612,18343,803922,186080,-100310,-167737
Tortolì,Monza,OK,883716,23315,984019,191054,-100303,-167739
Tortolì,Napoli,OK,598396,13291,698776,180550,-100380,-167259
Tortolì,Novara,OK,925082,25427,1025376,193166,-100294,-167739
Tortolì,Nuoro,OK,92157,4621,92183,4622,-26,-1
Tortolì,Olbia,OK,160213,7657,160195,7655,18,2
Tortolì,Oristano,OK,173244,8118,173270,8119,-26,-1
Tortolì,Padova,OK,790870,20647,891173,188286,-100303,-167639
Tortolì,Palermo,OK,921874,44014,1400206,213415,-478332,-169401
Tortolì,Parma,OK,756255,20023,856559,187759,-100304,-167736
Tortolì,Pavia,OK,860401,23269,960726,191007,-100325,-167738
Tortolì,Perugia,OK,485062,11644,585441,178903,-100379,-167259
Tortolì,Pesaro,OK,609754,18084,710129,185344,-100375,-167260
Tortolì,Piacenza,OK,810729,21050,911033,188784,-100304,-167734
Tortolì,Pisa,OK,563184,16520,663564,183779,-100380,-167259
Tortolì,Pistoia,OK,609647,14611,710481,181906,-100834,-167295
Tortolì,Pordenone,OK,899633,23510,999940,191423,-100307,-167913
Tortolì,Potenza,OK,752728,20087,853109,187346,-100381,-167259
Tortolì,Prato,OK,593049,14229,693429,181488,-100380,-167259
Tortolì,Ragusa,OK,1276275,46504,1377049,213787,-100774,-167283
Tortolì,Ravenna,OK,662294,18677,762674,185899,-100380,-167222
Tortolì,Reggio di Calabria,OK,1077016,32404,1177976,199686,-100960,-167282
Tortolì,Rieti,OK,453803,9996,554183,177254,-100380,-167258
Tortolì,Rimini,OK,634604,18473,735025,185734,-100421,-167261
Tortolì,Roma,OK,375724,6950,476066,174205,-100342,-167255
Tortolì,Rovigo,OK,752819,19265,853139,186905,-100320,-167640
Tortolì,Salerno,OK,640362,14972,740743,182230,-100381,-167258
Tortolì,Sanluri,OK,135826,6600,135830,6600,-4,0
Tortolì,Sassari,OK,203350,9974,201828,9921,1522,53
Tortolì,Savona,OK,846445,23574,946833,190833,-100388,-167259
Tortolì,Siena,OK,544568,13034,644948,180293,-100380,-167259
Tortolì,Siracusa,OK,1235340,43650,1336299,210932,-100959,-167282
Tortolì,Sondrio,OK,1002850,28587,1103220,196405,-100370,-167818
Tortolì,Taranto,OK,884886,25827,986077,193138,-101191,-167311
Tortolì,Tempio Pausania,OK,201317,9863,201297,9861,20,2
Tortolì,Teramo,OK,561835,11802,662246,179062,-100411,-167260
Tortolì,Terni,OK,416120,9014,516501,176273,-100381,-167259
Tortolì,Torino,OK,990562,27896,1090866,195633,-100304,-167737
Tortolì,Trani,OK,760569,20643,861720,187951,-101151,-167308
Tortolì,Trapani,OK,1021924,47958,1503160,217602,-481236,-169644
Tortolì,Trento,OK,884159,23222,984463,190959,-100304,-167737
Tortolì,Treviso,OK,842050,22107,942357,189746,-100307,-167639
Tortolì,Trieste,OK,981939,26518,1082216,194526,-100277,-168008
Tortolì,Udine,OK,941853,25401,1042482,193480,-100629,-168079
Tortolì,Urbino,OK,574926,16915,675300,184186,-100374,-167271
Tortolì,Varese,OK,931757,24990,1032061,192730,-100304,-167740
Tortolì,Venezia,OK,827173,21576,926951,189168,-99778,-167592
Tortolì,Verbania,OK,976106,27011,1076414,194750,-100308,-167739
Tortolì,Vercelli,OK,956137,26429,1056437,194169,-100300,-167740
Tortolì,Verona,OK,802176,20940,902487,188643,-100311,-167703
Tortolì,Vibo Valentia,OK,987931,29508,1088888,196790,-100957,-167282
Tortolì,Vicenza,OK,823159,21599,923463,189240,-100304,-167641
Tortolì,Villacidro,OK,163642,7975,164458,8038,-816,-63
Tortolì,Viterbo,OK,361454,6849,461834,174108,-100380,-167259
Trani,Agrigento,OK,741492,37625,741490,37625,2,0
Trani,Alessandria,OK,880164,31178,879852,31199,312,-21
Trani,Ancona,OK,429113,15126,429113,15126,0,0
Trani,Andria,OK,14388,1024,14388,1024,0,0
Trani,Aosta,OK,1028417,36815,1028373,36818,44,-3
Trani,Arezzo,OK,609425,21458,609439,21466,-14,-8
Trani,Ascoli Piceno,OK,364416,12916,364416,12916,0,0
Trani,Asti,OK,915831,32406,915838,32406,-7,0
Trani,Avellino,OK,174445,7868,174445,7868,0,0
Trani,Bari,OK,44906,2067,44906,2067,0,0
Trani,Barletta,OK,13777,755,13777,755,0,0
Trani,Belluno,OK,871542,29912,871533,29911,9,1
Trani,Benevento,OK,166099,7268,166099,7268,0,0
Trani,Bergamo,OK,871163,30888,888205,30949,-17042,-61
Trani,Biella,OK,945927,33695,945886,33695,41,0
Trani,Bologna,OK,631902,22936,631890,22935,12,1
Trani,Bolzano - Bozen,OK,912472,31929,912460,31929,12,0
Trani,Brescia,OK,826894,29114,826882,29329,12,-215
Trani,Brindisi,OK,162976,6210,162975,6210,1,0
Trani,Cagliari,OK,938193,29046,1011818,193000,-73625,-163954
Trani,Caltanissetta,OK,691022,34488,691022,34488,0,0
Trani,Campobasso,OK,174249,8659,174251,8660,-2,-1
Trani,Carbonia,OK,1004588,31816,1042114,194955,-37526,-163139
Trani,Caserta,OK,228531,9547,228544,9555,-13,-8
Trani,Catania,OK,581740,30137,581743,30137,-3,0
Trani,Catanzaro,OK,397652,17909,397653,17909,-1,0
Trani,Chieti,OK,274361,10180,282814,10269,-8453,-89
Trani,Como,OK,895978,31195,895964,31197,14,-2
Trani,Cosenza,OK,304664,14193,304664,14193,0,0
Trani,Cremona,OK,812022,28646,812010,28646,12,0
Trani,Crotone,OK,345992,16792,345992,16793,0,-1
Trani,Cuneo,OK,1007854,36986,1007850,36986,4,0
Trani,Enna,OK,665659,33632,665659,33633,0,-1
Trani,Fermo,OK,376191,13135,376191,13135,0,0
Trani,Ferrara,OK,673306,24240,673294,24239,12,1
Trani,Firenze,OK,665250,23100,665589,23107,-339,-7
Trani,Foggia,OK,84972,3923,84972,3923,0,0
Trani,Forlì,OK,575607,20854,575595,20853,12,1
Trani,Frosinone,OK,338103,12548,338116,12556,-13,-8
Trani,Genova,OK,899663,31558,899677,31564,-14,-6
Trani,Gorizia,OK,905979,31759,905983,32096,-4,-337
Trani,Grosseto,OK,594260,22511,594273,22518,-13,-7
Trani,Iglesias,OK,981895,30774,1015143,193953,-33248,-163179
Trani,Imperia,OK,1016280,36139,1016293,36147,-13,-8
Trani,Isernia,OK,270363,11607,270363,11607,0,0
Trani,L'Aquila,OK,375721,13617,358519,13508,17202,109
Trani,La Spezia,OK,813292,28024,813305,28032,-13,-8
Trani,Lanusei,OK,816440,22688,901075,189237,-84635,-166549
Trani,Latina,OK,384779,15168,384792,15179,-13,-11
Trani,Lecce,OK,198350,7611,198349,7611,1,0
Trani,Lecco,OK,895559,31422,895546,31424,13,-2
Trani,Livorno,OK,754641,26781,754654,26789,-13,-8
Trani,Lodi,OK,819435,28632,819422,28631,13,1
Trani,Macerata,OK,412604,14723,412607,14723,-3,0
Trani,Mantova,OK,742114,26430,742102,26429,12,1
Trani,Massa,OK,785263,26951,785280,26959,-17,-8
Trani,Matera,OK,88138,4751,88158,4762,-20,-11
Trani,Messina,OK,486150,25997,486153,25997,-3,0
Trani,Milano,OK,843794,29426,843781,29428,13,-2
Trani,Modena,OK,675879,24853,675872,24852,7,1
Trani,Monza,OK,855982,29825,855970,29826,12,-1
Trani,Napoli,OK,226369,9437,226383,9445,-14,-8
Trani,Novara,OK,897348,31936,897327,31938,21,-2
Trani,Nuoro,OK,889107,26364,841312,186019,47795,-159655
Trani,Olbia,OK,957163,29400,739519,181748,217644,-152348
Trani,Oristano,OK,970195,29861,920641,189419,49554,-159558
Trani,Padova,OK,744238,26297,744224,26296,14,1
Trani,Palermo,OK,710572,35101,710575,35103,-3,-2
Trani,Parma,OK,728521,26532,728510,26531,11,1
Trani,Pavia,OK,832668,29778,832676,29779,-8,-1
Trani,Perugia,OK,531178,20024,531178,20028,0,-4
Trani,Pesaro,OK,492351,17564,492340,17563,11,1
Trani,Piacenza,OK,782995,27560,782984,27556,11,4
Trani,Pisa,OK,745762,26308,745775,26316,-13,-8
Trani,Pistoia,OK,704103,24197,704569,24241,-466,-44
Trani,Pordenone,OK,853001,29160,852991,29433,10,-273
Trani,Potenza,OK,132853,7373,132853,7373,0,0
Trani,Prato,OK,687505,23815,687518,23823,-13,-8
Trani,Ragusa,OK,687600,35474,687418,35475,182,-1
Trani,Ravenna,OK,581083,20992,581071,20954,12,38
Trani,Reggio di Calabria,OK,488342,21374,488345,21374,-3,0
Trani,Rieti,OK,435215,15722,435215,15717,0,5
Trani,Rimini,OK,522785,18600,522773,18600,12,0
Trani,Roma,OK,414483,15485,414496,15493,-13,-8
Trani,Rovigo,OK,706186,24915,706190,24915,-4,0
Trani,Salerno,OK,204734,9031,204734,9031,0,0
Trani,Sanluri,OK,933855,28408,967790,190945,-33935,-162537
Trani,Sassari,OK,1000301,31717,838364,187113,161937,-155396
Trani,Savona,OK,940901,33160,940922,33168,-21,-8
Trani,Siena,OK,639024,22620,639037,22628,-13,-8
Trani,Siracusa,OK,646666,32620,646669,32620,-3,0
Trani,Sondrio,OK,975117,35096,975171,35177,-54,-81
Trani,Taranto,OK,133038,6023,133078,6025,-40,-2
Trani,Tempio Pausania,OK,998268,31605,781681,183962,216587,-152357
Trani,Teramo,OK,333008,11985,333004,11978,4,7
Trani,Terni,OK,469681,17507,469682,17502,-1,5
Trani,Torino,OK,962829,34406,962817,34405,12,1
Trani,Tortolì,OK,798394,21846,898982,189164,-100588,-167318
Trani,Trapani,OK,813526,39287,813529,39290,-3,-3
Trani,Trento,OK,856425,29731,856413,29730,12,1
Trani,Treviso,OK,795418,27757,795409,27756,9,1
Trani,Trieste,OK,935306,32168,935268,32536,38,-368
Trani,Udine,OK,895220,31051,895533,31491,-313,-440
Trani,Urbino,OK,518632,18639,518620,18638,12,1
Trani,Varese,OK,904024,31500,904011,31502,13,-2
Trani,Venezia,OK,780541,27225,780003,27179,538,46
Trani,Verbania,OK,948373,33520,948365,33522,8,-2
Trani,Vercelli,OK,928404,32939,928387,32940,17,-1
Trani,Verona,OK,774443,27450,774438,27414,5,36
Trani,Vibo Valentia,OK,399257,18477,399257,18478,0,-1
Trani,Vicenza,OK,776526,27249,776514,27250,12,-1
Trani,Villacidro,OK,961671,29784,984704,192214,-23033,-162430
Trani,Viterbo,OK,498983,18712,498996,18720,-13,-8
Trapani,Agrigento,OK,221585,11484,221585,11484,0,0
Trapani,Alessandria,OK,1231546,60910,1603134,64066,-371588,-3156
Trapani,Ancona,OK,846722,49908,1169673,52413,-322951,-2505
Trapani,Andria,OK,809815,39530,809750,39529,65,1
Trapani,Aosta,OK,1379799,66548,1751655,69684,-371856,-3136
Trapani,Arezzo,OK,838619,48114,1210583,50769,-371964,-2655
Trapani,Ascoli Piceno,OK,745299,46785,1117263,49438,-371964,-2653
Trapani,Asti,OK,1267214,62138,1639120,65272,-371906,-3134
Trapani,Avellino,OK,477465,37091,790441,37206,-312976,-115
Trapani,Bari,OK,764974,37699,764909,37698,65,1
Trapani,Barletta,OK,815300,39661,815235,39660,65,1
Trapani,Belluno,OK,1241824,60504,1613713,63539,-371889,-3035
Trapani,Benevento,OK,494551,38329,826231,38631,-331680,-302
Trapani,Bergamo,OK,1222545,60620,1611487,63815,-388942,-3195
Trapani,Biella,OK,1297309,63427,1669168,66562,-371859,-3135
Trapani,Bologna,OK,998757,53409,1370644,56444,-371887,-3035
Trapani,Bolzano - Bozen,OK,1263855,61662,1635742,64795,-371887,-3133
Trapani,Brescia,OK,1178277,58846,1550164,62195,-371887,-3349
Trapani,Brindisi,OK,764930,37752,764930,37768,0,-16
Trapani,Cagliari,OK,524219,47815,1612961,222303,-1088742,-174488
Trapani,Caltanissetta,OK,223386,9886,223386,9886,0,0
Trapani,Campobasso,OK,554265,41628,889902,42170,-335637,-542
Trapani,Carbonia,OK,602309,51463,1643257,224258,-1040948,-172795
Trapani,Caserta,OK,457725,36202,829688,38858,-371963,-2656
Trapani,Catania,OK,302091,12953,302092,12953,-1,0
Trapani,Catanzaro,OK,476707,24731,476708,24734,-1,-3
Trapani,Chieti,OK,701619,45029,1023375,47556,-321756,-2527
Trapani,Como,OK,1247360,60927,1619246,64063,-371886,-3136
Trapani,Cosenza,OK,504957,25860,504957,25863,0,-3
Trapani,Cremona,OK,1163405,58379,1535292,61512,-371887,-3133
Trapani,Crotone,OK,543523,28444,543523,28446,0,-2
Trapani,Cuneo,OK,1268966,63812,1640937,66468,-371971,-2656
Trapani,Enna,OK,224849,10179,224849,10179,0,0
Trapani,Fermo,OK,793800,47916,1116751,50421,-322951,-2505
Trapani,Ferrara,OK,1043588,54832,1415474,57867,-371886,-3035
Trapani,Firenze,OK,894443,49756,1266733,52411,-372290,-2655
Trapani,Foggia,OK,825736,40562,825808,40568,-72,-6
Trapani,Forlì,OK,971600,54404,1343563,57060,-371963,-2656
Trapani,Frosinone,OK,567297,39204,939260,41859,-371963,-2655
Trapani,Genova,OK,1128857,58214,1500820,60867,-371963,-2653
Trapani,Gorizia,OK,1276261,62351,1648164,65724,-371903,-3373
Trapani,Grosseto,OK,823453,49166,1195417,51822,-371964,-2656
Trapani,Iglesias,OK,579616,50421,1616286,223256,-1036670,-172835
Trapani,Imperia,OK,1245473,62795,1617437,65450,-371964,-2655
Trapani,Isernia,OK,530409,39136,902373,41891,-371964,-2755
Trapani,L'Aquila,OK,653522,43205,1025453,45856,-371931,-2651
Trapani,La Spezia,OK,1042486,54679,1414449,57335,-371963,-2656
Trapani,Lanusei,OK,1045634,49343,1502219,218540,-456585,-169197
Trapani,Latina,OK,613972,41823,985935,44482,-371963,-2659
Trapani,Lecce,OK,801082,39188,801083,39204,-1,-16
Trapani,Lecco,OK,1246941,61154,1618828,64290,-371887,-3136
Trapani,Livorno,OK,983835,53437,1355798,56092,-371963,-2655
Trapani,Lodi,OK,1170817,58364,1542704,61498,-371887,-3134
Trapani,Macerata,OK,830213,49504,1153167,52009,-322954,-2505
Trapani,Mantova,OK,1093497,56162,1465384,59295,-371887,-3133
Trapani,Massa,OK,1014457,53607,1386424,56263,-371967,-2656
Trapani,Matera,OK,699514,35441,699492,35458,22,-17
Trapani,Messina,OK,317672,13386,317673,13389,-1,-3
Trapani,Milano,OK,1195177,59159,1567062,62295,-371885,-3136
Trapani,Modena,OK,1027261,54585,1399154,57719,-371893,-3134
Trapani,Monza,OK,1207365,59557,1579251,62693,-371886,-3136
Trapani,Napoli,OK,423507,34838,813980,38185,-390473,-3347
Trapani,Novara,OK,1248731,61669,1620608,64805,-371877,-3136
Trapani,Nuoro,OK,1118301,53019,1442455,215322,-324154,-162303
Trapani,Olbia,OK,1186357,56055,1340663,211052,-154306,-154997
Trapani,Oristano,OK,616316,51482,1521785,218722,-905469,-167240
Trapani,Padova,OK,1114520,56889,1486405,59924,-371885,-3035
Trapani,Palermo,OK,94651,4462,94651,4462,0,0
Trapani,Parma,OK,1079904,56264,1451791,59398,-371887,-3134
Trapani,Pavia,OK,1184051,59510,1555958,62645,-371907,-3135
Trapani,Perugia,OK,792652,47628,1164614,50283,-371962,-2655
Trapani,Pesaro,OK,909960,52345,1232900,54850,-322940,-2505
Trapani,Piacenza,OK,1134378,57292,1506265,60422,-371887,-3130
Trapani,Pisa,OK,974955,52964,1346918,55619,-371963,-2655
Trapani,Pistoia,OK,933296,50853,1305713,53544,-372417,-2691
Trapani,Pordenone,OK,1223282,59752,1595172,63061,-371890,-3309
Trapani,Potenza,OK,719588,35061,719660,35067,-72,-6
Trapani,Prato,OK,916698,50471,1288661,53126,-371963,-2655
Trapani,Ragusa,OK,335705,16620,335550,16838,155,-218
Trapani,Ravenna,OK,985943,54919,1357906,57537,-371963,-2618
Trapani,Reggio di Calabria,OK,342103,19058,342104,19061,-1,-3
Trapani,Rieti,OK,713364,44679,1085327,47328,-371963,-2649
Trapani,Rimini,OK,940394,53382,1263333,55886,-322939,-2504
Trapani,Roma,OK,643677,42141,1015640,44796,-371963,-2655
Trapani,Rovigo,OK,1076468,55507,1448371,58543,-371903,-3036
Trapani,Salerno,OK,759957,35945,760028,35951,-71,-6
Trapani,Sanluri,OK,570978,49955,1568934,220248,-997956,-170293
Trapani,Sassari,OK,736790,56544,1439507,216417,-702717,-159873
Trapani,Savona,OK,1170094,59815,1542065,62471,-371971,-2656
Trapani,Siena,OK,868217,49276,1240180,51931,-371963,-2655
Trapani,Siracusa,OK,352023,15001,352024,15001,-1,0
Trapani,Sondrio,OK,1326499,64828,1698452,68043,-371953,-3215
Trapani,Taranto,OK,701237,35145,701237,35148,0,-3
Trapani,Tempio Pausania,OK,1227462,58261,1382824,213265,-155362,-155004
Trapani,Teramo,OK,711165,44805,1083130,47458,-371965,-2653
Trapani,Terni,OK,723710,44997,1095674,47653,-371964,-2656
Trapani,Torino,OK,1314211,64138,1686098,67272,-371887,-3134
Trapani,Tortolì,OK,1027588,48501,1500126,218467,-472538,-169966
Trapani,Trani,OK,802130,39155,802065,39155,65,0
Trapani,Trento,OK,1207808,59463,1579695,62597,-371887,-3134
Trapani,Treviso,OK,1165700,58349,1537589,61384,-371889,-3035
Trapani,Trieste,OK,1305588,62760,1677448,66164,-371860,-3404
Trapani,Udine,OK,1265502,61643,1637714,65119,-372212,-3476
Trapani,Urbino,OK,882515,52898,1254473,55566,-371958,-2668
Trapani,Varese,OK,1255406,61232,1627293,64368,-371887,-3136
Trapani,Venezia,OK,1150822,57817,1522183,60807,-371361,-2990
Trapani,Verbania,OK,1299755,63252,1671646,66388,-371891,-3136
Trapani,Vercelli,OK,1279787,62671,1651669,65807,-371882,-3136
Trapani,Verona,OK,1125826,57182,1497719,60281,-371893,-3099
Trapani,Vibo Valentia,OK,414103,22444,414103,22447,0,-3
Trapani,Vicenza,OK,1146808,57841,1518695,60878,-371887,-3037
Trapani,Villacidro,OK,569371,50190,1585848,221517,-1016477,-171327
Trapani,Viterbo,OK,728176,45367,1100139,48023,-371963,-2656
Trento,Agrigento,OK,1517223,60374,1517745,60398,-522,-24
Trento,Alessandria,OK,302725,10924,302433,11198,292,-274
Trento,Ancona,OK,439262,16596,439268,16614,-6,-18
Trento,Andria,OK,841410,29071,841387,29087,23,-16
Trento,Aosta,OK,398680,15038,398656,15227,24,-189
Trento,Arezzo,OK,390001,12793,389949,12795,52,-2
Trento,Ascoli Piceno,OK,551768,19305,551745,19322,23,-17
Trento,Asti,OK,338393,12152,338419,12405,-26,-253
Trento,Avellino,OK,811153,26074,811112,26134,41,-60
Trento,Bari,OK,892029,31124,892006,31140,23,-16
Trento,Barletta,OK,840664,29145,840638,29161,26,-16
Trento,Belluno,OK,108120,5708,108222,5707,-102,1
Trento,Benevento,OK,793798,25957,793745,25957,53,0
Trento,Bergamo,OK,179768,6543,179775,6731,-7,-188
Trento,Biella,OK,316190,11918,316169,12104,21,-186
Trento,Bologna,OK,225642,7127,225643,7130,-1,-3
Trento,Bolzano - Bozen,OK,59807,2695,59807,2695,0,0
Trento,Brescia,OK,135500,4769,135507,4957,-7,-188
Trento,Brindisi,OK,1006237,35104,1006213,35121,24,-17
Trento,Cagliari,OK,1027081,31007,1100647,194955,-73566,-163948
Trento,Caltanissetta,OK,1466754,57237,1467277,57261,-523,-24
Trento,Campobasso,OK,756144,26858,756120,26874,24,-16
Trento,Carbonia,OK,1093475,33777,1130942,196910,-37467,-163133
Trento,Caserta,OK,759655,24279,759603,24280,52,-1
Trento,Catania,OK,1357471,52886,1357998,52909,-527,-23
Trento,Catanzaro,OK,1173383,40658,1173908,40682,-525,-24
Trento,Chieti,OK,600743,20854,600458,20859,285,-5
Trento,Como,OK,263617,9319,263624,9508,-7,-189
Trento,Cosenza,OK,1080395,36942,1080919,36966,-524,-24
Trento,Cremona,OK,176311,6209,176318,6461,-7,-252
Trento,Crotone,OK,1158887,41900,1159410,41924,-523,-24
Trento,Cuneo,OK,430416,16732,430431,16985,-15,-253
Trento,Enna,OK,1441391,56381,1441913,56405,-522,-24
Trento,Fermo,OK,497055,17619,497032,17636,23,-17
Trento,Ferrara,OK,195321,7928,195899,7859,-578,69
Trento,Firenze,OK,319124,10868,319071,10869,53,-1
Trento,Foggia,OK,771591,26197,771567,26214,24,-17
Trento,Forlì,OK,295935,10388,295927,10391,8,-3
Trento,Frosinone,OK,650463,21039,650410,21039,53,0
Trento,Genova,OK,356541,12665,356548,12915,-7,-250
Trento,Gorizia,OK,338621,11467,338637,11769,-16,-302
Trento,Grosseto,OK,452384,16761,452832,16759,-448,2
Trento,Iglesias,OK,1070783,32735,1103971,195908,-33188,-163173
Trento,Imperia,OK,455008,16795,455016,17047,-8,-252
Trento,Isernia,OK,741119,24587,741065,24643,54,-56
Trento,L'Aquila,OK,677038,21393,676984,21394,54,-1
Trento,La Spezia,OK,341271,11407,341271,11411,0,-4
Trento,Lanusei,OK,905328,24649,989904,191192,-84576,-166543
Trento,Latina,OK,653052,21920,652999,21903,53,17
Trento,Lecce,OK,1041610,36506,1041587,36522,23,-16
Trento,Lecco,OK,212454,8380,212461,8569,-7,-189
Trento,Livorno,OK,392298,13773,392245,13774,53,-1
Trento,Lodi,OK,202372,8502,202380,8692,-8,-190
Trento,Macerata,OK,499678,17500,499658,17517,20,-17
Trento,Mantova,OK,125513,3940,125513,3943,0,-3
Trento,Massa,OK,358356,12154,358360,12158,-4,-4
Trento,Matera,OK,916581,33210,916564,33236,17,-26
Trento,Messina,OK,1261882,48746,1262408,48770,-526,-24
Trento,Milano,OK,223228,8190,223234,8378,-6,-188
Trento,Modena,OK,190228,6048,190228,6051,0,-3
Trento,Monza,OK,215310,7669,215317,7857,-7,-188
Trento,Napoli,OK,785453,25010,785401,25011,52,-1
Trento,Novara,OK,267611,10159,267610,10347,1,-188
Trento,Nuoro,OK,977995,28324,930141,187974,47854,-159650
Trento,Olbia,OK,1046051,31361,828348,183703,217703,-152342
Trento,Oristano,OK,1059082,31822,1009470,191374,49612,-159552
Trento,Padova,OK,180950,5894,180950,5859,0,35
Trento,Palermo,OK,1108932,55732,1486830,57876,-377898,-2144
Trento,Parma,OK,226122,7442,226122,7444,0,-2
Trento,Pavia,OK,269590,9614,269597,9866,-7,-252
Trento,Perugia,OK,466523,15359,466471,15360,52,-1
Trento,Pesaro,OK,374822,12895,374822,12912,0,-17
Trento,Piacenza,OK,209650,7515,209657,7763,-7,-248
Trento,Pisa,OK,383981,12894,383928,12886,53,8
Trento,Pistoia,OK,327236,10730,327636,10767,-400,-37
Trento,Pordenone,OK,186448,8333,165259,8516,21189,-183
Trento,Potenza,OK,878572,31749,878549,31766,23,-17
Trento,Prato,OK,310638,10347,310585,10348,53,-1
Trento,Ragusa,OK,1463332,58223,1463673,58247,-341,-24
Trento,Ravenna,OK,302286,10180,302285,10183,1,-3
Trento,Reggio di Calabria,OK,1264074,44123,1264600,44147,-526,-24
Trento,Rieti,OK,576813,19077,576757,19078,56,-1
Trento,Rimini,OK,342212,11512,342211,11529,1,-17
Trento,Roma,OK,587522,19349,587469,19350,53,-1
Trento,Rovigo,OK,185405,6919,185983,6850,-578,69
Trento,Salerno,OK,827420,26690,827367,26691,53,-1
Trento,Sanluri,OK,1022743,30369,1056619,192900,-33876,-162531
Trento,Sassari,OK,1089188,33678,927192,189068,161996,-155390
Trento,Savona,OK,379629,13815,379644,14068,-15,-253
Trento,Siena,OK,378874,13236,378820,13237,54,-1
Trento,Siracusa,OK,1422397,55369,1422923,55393,-526,-24
Trento,Sondrio,OK,161866,8947,161825,8952,41,-5
Trento,Taranto,OK,975972,34737,975989,34757,-17,-20
Trento,Tempio Pausania,OK,1087155,33566,870510,185917,216645,-152351
Trento,Teramo,OK,566040,19615,566014,19625,26,-10
Trento,Terni,OK,541063,17062,541011,17063,52,-1
Trento,Torino,OK,355466,13401,355473,13589,-7,-188
Trento,Tortolì,OK,887282,23806,987811,191119,-100529,-167313
Trento,Trani,OK,851655,29554,851632,29570,23,-16
Trento,Trapani,OK,1208981,59677,1589784,62063,-380803,-2386
Trento,Treviso,OK,133695,7138,133691,7138,4,0
Trento,Trieste,OK,367947,11876,367921,12209,26,-333
Trento,Udine,OK,327861,10759,328187,11164,-326,-405
Trento,Urbino,OK,398378,14384,398378,14401,0,-17
Trento,Varese,OK,271663,9624,271671,9813,-8,-189
Trento,Venezia,OK,213182,6933,212656,6852,526,81
Trento,Verbania,OK,316012,11645,316024,11833,-12,-188
Trento,Vercelli,OK,298667,11161,298670,11350,-3,-189
Trento,Verona,OK,98835,3361,98834,3366,1,-5
Trento,Vibo Valentia,OK,1174988,41226,1175512,41250,-524,-24
Trento,Vicenza,OK,151283,4903,151520,4867,-237,36
Trento,Villacidro,OK,1050558,31745,1073533,194169,-22975,-162424
Trento,Viterbo,OK,528877,17064,528831,17065,46,-1
Treviso,Agrigento,OK,1476683,59531,1477204,59552,-521,-21
Treviso,Alessandria,OK,366360,12759,366060,13111,300,-352
Treviso,Ancona,OK,379506,14981,379511,14996,-5,-15
Treviso,Andria,OK,781654,27456,781630,27469,24,-13
Treviso,Aosta,OK,462315,16873,462284,17139,31,-266
Treviso,Arezzo,OK,349461,11950,349408,11948,53,2
Treviso,Ascoli Piceno,OK,492012,17691,491988,17704,24,-13
Treviso,Asti,OK,402028,13987,402046,14317,-18,-330
Treviso,Avellino,OK,770613,25231,770571,25288,42,-57
Treviso,Bari,OK,832273,29509,832249,29522,24,-13
Treviso,Barletta,OK,780908,27530,780881,27543,27,-13
Treviso,Belluno,OK,77347,3042,77347,3042,0,0
Treviso,Benevento,OK,753258,25113,753204,25111,54,2
Treviso,Bergamo,OK,243403,8378,243403,8644,0,-266
Treviso,Biella,OK,379825,13753,379797,14017,28,-264
Treviso,Bologna,OK,171027,5678,171025,5678,2,0
Treviso,Bolzano - Bozen,OK,187696,9081,187688,9080,8,1
Treviso,Brescia,OK,199135,6604,199134,6870,1,-266
Treviso,Brindisi,OK,946481,33489,946456,33503,25,-14
Treviso,Cagliari,OK,986541,30163,1060106,194109,-73565,-163946
Treviso,Caltanissetta,OK,1426214,56393,1426736,56414,-522,-21
Treviso,Campobasso,OK,696388,25243,696363,25256,25,-13
Treviso,Carbonia,OK,1052935,32933,1090401,196064,-37466,-163131
Treviso,Caserta,OK,719115,23435,719062,23433,53,2
Treviso,Catania,OK,1316931,52042,1317457,52063,-526,-21
Treviso,Catanzaro,OK,1132843,39815,1133367,39836,-524,-21
Treviso,Chieti,OK,540987,19239,540701,19241,286,-2
Treviso,Como,OK,327252,11154,327251,11420,1,-266
Treviso,Cosenza,OK,1039855,36099,1040378,36120,-523,-21
Treviso,Cremona,OK,239946,8044,239945,8374,1,-330
Treviso,Crotone,OK,1118347,41057,1118869,41077,-522,-20
Treviso,Cuneo,OK,494051,18567,494058,18898,-7,-331
Treviso,Enna,OK,1400851,55538,1401372,55559,-521,-21
Treviso,Fermo,OK,437299,16004,437275,16018,24,-14
Treviso,Ferrara,OK,140302,4908,140301,4908,1,0
Treviso,Firenze,OK,278584,10025,278530,10023,54,2
Treviso,Foggia,OK,711835,24582,711811,24596,24,-14
Treviso,Forlì,OK,236179,8773,236170,8773,9,0
Treviso,Frosinone,OK,609923,20196,609869,20193,54,3
Treviso,Genova,OK,420176,14500,420175,14828,1,-328
Treviso,Gorizia,OK,127496,5449,127509,5786,-13,-337
Treviso,Grosseto,OK,411844,15918,412291,15913,-447,5
Treviso,Iglesias,OK,1030243,31892,1063430,195062,-33187,-163170
Treviso,Imperia,OK,518643,18630,518643,18959,0,-329
Treviso,Isernia,OK,700579,23744,700524,23797,55,-53
Treviso,L'Aquila,OK,564094,19784,564023,19797,71,-13
Treviso,La Spezia,OK,377325,13021,377324,13021,1,0
Treviso,Lanusei,OK,864788,23806,949363,190346,-84575,-166540
Treviso,Latina,OK,612512,21077,612458,21056,54,21
Treviso,Lecce,OK,981854,34891,981830,34904,24,-13
Treviso,Lecco,OK,276089,10215,276089,10481,0,-266
Treviso,Livorno,OK,351758,12930,351704,12927,54,3
Treviso,Lodi,OK,266007,10337,266008,10604,-1,-267
Treviso,Macerata,OK,439922,15885,439901,15899,21,-14
Treviso,Mantova,OK,171302,5644,171302,5593,0,51
Treviso,Massa,OK,367857,12641,367806,12639,51,2
Treviso,Matera,OK,856825,31595,856807,31618,18,-23
Treviso,Messina,OK,1221342,47903,1221867,47923,-525,-20
Treviso,Milano,OK,286862,10025,286861,10290,1,-265
Treviso,Modena,OK,209532,7376,209537,7376,-5,0
Treviso,Monza,OK,278945,9504,278944,9769,1,-265
Treviso,Napoli,OK,744913,24167,744860,24165,53,2
Treviso,Novara,OK,331246,11994,331237,12260,9,-266
Treviso,Nuoro,OK,937455,27481,889600,187128,47855,-159647
Treviso,Olbia,OK,1005511,30518,787807,182857,217704,-152339
Treviso,Oristano,OK,1018542,30979,968929,190528,49613,-159549
Treviso,Padova,OK,58948,2654,58947,2655,1,-1
Treviso,Palermo,OK,1068392,54889,1446289,57030,-377897,-2141
Treviso,Parma,OK,262175,9056,262174,9055,1,1
Treviso,Pavia,OK,333225,11449,333225,11778,0,-329
Treviso,Perugia,OK,425983,14516,425930,14513,53,3
Treviso,Pesaro,OK,315066,11280,315066,11294,0,-14
Treviso,Piacenza,OK,273284,9350,273284,9676,0,-326
Treviso,Pisa,OK,343441,12051,343387,12040,54,11
Treviso,Pistoia,OK,286696,9886,287095,9921,-399,-35
Treviso,Pordenone,OK,58806,2290,58806,2564,0,-274
Treviso,Potenza,OK,818816,30134,818792,30148,24,-14
Treviso,Prato,OK,270098,9504,270044,9502,54,2
Treviso,Ragusa,OK,1422792,57380,1423132,57401,-340,-21
Treviso,Ravenna,OK,242530,8565,242528,8565,2,0
Treviso,Reggio di Calabria,OK,1223534,43280,1224059,43301,-525,-21
Treviso,Rieti,OK,536273,18234,536216,18232,57,2
Treviso,Rimini,OK,282456,9897,282455,9911,1,-14
Treviso,Roma,OK,546982,18506,546928,18504,54,2
Treviso,Rovigo,OK,97478,3595,97476,3597,2,-2
Treviso,Salerno,OK,786880,25847,786826,25845,54,2
Treviso,Sanluri,OK,982203,29526,1016078,192054,-33875,-162528
Treviso,Sassari,OK,1048648,32835,886651,188222,161997,-155387
Treviso,Savona,OK,443264,15650,443271,15980,-7,-330
Treviso,Siena,OK,338334,12393,338279,12390,55,3
Treviso,Siracusa,OK,1381857,54526,1382383,54547,-526,-21
Treviso,Sondrio,OK,336023,13793,336103,14127,-80,-334
Treviso,Taranto,OK,916216,33122,916232,33139,-16,-17
Treviso,Tempio Pausania,OK,1046615,32723,829969,185071,216646,-152348
Treviso,Teramo,OK,506284,18000,506257,18007,27,-7
Treviso,Terni,OK,500523,16219,500470,16217,53,2
Treviso,Torino,OK,419101,15236,419100,15502,1,-266
Treviso,Tortolì,OK,846742,22963,947270,190273,-100528,-167310
Treviso,Trani,OK,791899,27939,791875,27952,24,-13
Treviso,Trapani,OK,1168441,58834,1549243,61217,-380802,-2383
Treviso,Trento,OK,132700,7121,132694,7120,6,1
Treviso,Trieste,OK,156822,5858,156793,6227,29,-369
Treviso,Udine,OK,116736,4741,117059,5181,-323,-440
Treviso,Urbino,OK,338622,12769,338621,12783,1,-14
Treviso,Varese,OK,335298,11459,335298,11725,0,-266
Treviso,Venezia,OK,31813,2048,31287,2001,526,47
Treviso,Verbania,OK,379647,13480,379652,13745,-5,-265
Treviso,Vercelli,OK,362302,12996,362298,13262,4,-266
Treviso,Verona,OK,132291,4659,132290,4629,1,30
Treviso,Vibo Valentia,OK,1134448,40383,1134971,40404,-523,-21
Treviso,Vicenza,OK,85546,3337,85546,3338,0,-1
Treviso,Villacidro,OK,1010018,30902,1032992,193323,-22974,-162421
Treviso,Viterbo,OK,488337,16221,488290,16219,47,2
Trieste,Agrigento,OK,1615338,63914,1615859,64223,-521,-309
Trieste,Alessandria,OK,505015,17141,504715,17782,300,-641
Trieste,Ancona,OK,518161,19364,518166,19667,-5,-303
Trieste,Andria,OK,920309,31838,920284,32140,25,-302
Trieste,Aosta,OK,600970,21256,600938,21810,32,-554
Trieste,Arezzo,OK,488116,16333,488063,16619,53,-286
Trieste,Ascoli Piceno,OK,630666,22073,630642,22375,24,-302
Trieste,Asti,OK,540683,18369,540701,18988,-18,-619
Trieste,Avellino,OK,909268,29613,909225,29959,43,-346
Trieste,Bari,OK,970928,33892,970904,34193,24,-301
Trieste,Barletta,OK,919563,31912,919536,32214,27,-302
Trieste,Belluno,OK,197396,6849,197396,7337,0,-488
Trieste,Benevento,OK,891912,29496,891858,29782,54,-286
Trieste,Bergamo,OK,382058,12761,382057,13315,1,-554
Trieste,Biella,OK,518479,18135,518451,18688,28,-553
Trieste,Bologna,OK,309681,10061,309679,10349,2,-288
Trieste,Bolzano - Bozen,OK,307745,12888,307737,13375,8,-487
Trieste,Brescia,OK,337789,10986,337789,11541,0,-555
Trieste,Brindisi,OK,1085136,37872,1085110,38174,26,-302
Trieste,Cagliari,OK,1125195,34546,1198760,198780,-73565,-164234
Trieste,Caltanissetta,OK,1564869,60776,1565390,61085,-521,-309
Trieste,Campobasso,OK,835042,29625,835017,29927,25,-302
Trieste,Carbonia,OK,1191590,37316,1229056,200735,-37466,-163419
Trieste,Caserta,OK,857770,27818,857716,28104,54,-286
Trieste,Catania,OK,1455586,56425,1456111,56734,-525,-309
Trieste,Catanzaro,OK,1271498,44197,1272021,44507,-523,-310
Trieste,Chieti,OK,679641,23621,679355,23912,286,-291
Trieste,Como,OK,465906,15537,465906,16091,0,-554
Trieste,Cosenza,OK,1178510,40482,1179032,40791,-522,-309
Trieste,Cremona,OK,378600,12427,378600,13045,0,-618
Trieste,Crotone,OK,1257002,45439,1257524,45748,-522,-309
Trieste,Cuneo,OK,632706,22950,632713,23569,-7,-619
Trieste,Enna,OK,1539505,59921,1540027,60230,-522,-309
Trieste,Fermo,OK,575954,20387,575929,20689,25,-302
Trieste,Ferrara,OK,278956,9290,278956,9579,0,-289
Trieste,Firenze,OK,417238,14408,417184,14694,54,-286
Trieste,Foggia,OK,850489,28965,850465,29267,24,-302
Trieste,Forlì,OK,374834,13156,374824,13444,10,-288
Trieste,Frosinone,OK,748577,24578,748524,24864,53,-286
Trieste,Genova,OK,558831,18883,558830,19499,1,-616
Trieste,Gorizia,OK,57129,2722,57129,2722,0,0
Trieste,Grosseto,OK,550499,20300,550945,20584,-446,-284
Trieste,Iglesias,OK,1168897,36274,1202085,199733,-33188,-163459
Trieste,Imperia,OK,657298,23012,657297,23630,1,-618
Trieste,Isernia,OK,839233,28127,839178,28468,55,-341
Trieste,L'Aquila,OK,702749,24167,702677,24468,72,-301
Trieste,La Spezia,OK,515979,17404,515978,17692,1,-288
Trieste,Lanusei,OK,1003443,28188,1088017,195017,-84574,-166829
Trieste,Latina,OK,751166,25460,751112,25727,54,-267
Trieste,Lecce,OK,1120509,39273,1120484,39575,25,-302
Trieste,Lecco,OK,414744,14598,414743,15152,1,-554
Trieste,Livorno,OK,490412,17312,490358,17598,54,-286
Trieste,Lodi,OK,404662,14719,404662,15275,0,-556
Trieste,Macerata,OK,578577,20268,578555,20570,22,-302
Trieste,Mantova,OK,309957,10027,309956,10264,1,-237
Trieste,Massa,OK,506511,17023,506461,17310,50,-287
Trieste,Matera,OK,995479,35978,995462,36289,17,-311
Trieste,Messina,OK,1359996,52285,1360522,52594,-526,-309
Trieste,Milano,OK,425517,14407,425516,14961,1,-554
Trieste,Modena,OK,348187,11759,348191,12047,-4,-288
Trieste,Monza,OK,417600,13886,417599,14440,1,-554
Trieste,Napoli,OK,883568,28550,883514,28836,54,-286
Trieste,Novara,OK,469901,16377,469891,16931,10,-554
Trieste,Nuoro,OK,1076109,31864,1028254,191799,47855,-159935
Trieste,Olbia,OK,1144166,34900,926462,187528,217704,-152628
Trieste,Oristano,OK,1157197,35361,1107583,195199,49614,-159838
Trieste,Padova,OK,197602,7037,197601,7326,1,-289
Trieste,Palermo,OK,1207046,59272,1584944,61701,-377898,-2429
Trieste,Parma,OK,400830,13438,400829,13726,1,-288
Trieste,Pavia,OK,471880,15831,471879,16449,1,-618
Trieste,Perugia,OK,564638,18898,564584,19184,54,-286
Trieste,Pesaro,OK,453721,15662,453720,15965,1,-303
Trieste,Piacenza,OK,411939,13732,411938,14347,1,-615
Trieste,Pisa,OK,482096,16433,482042,16711,54,-278
Trieste,Pistoia,OK,425351,14269,425750,14592,-399,-323
Trieste,Pordenone,OK,125082,4475,125082,4685,0,-210
Trieste,Potenza,OK,957471,34517,957446,34819,25,-302
Trieste,Prato,OK,408753,13887,408699,14173,54,-286
Trieste,Ragusa,OK,1561446,61762,1561786,62072,-340,-310
Trieste,Ravenna,OK,381185,12948,381182,13236,3,-288
Trieste,Reggio di Calabria,OK,1362188,47662,1362713,47972,-525,-310
Trieste,Rieti,OK,674928,22617,674870,22903,58,-286
Trieste,Rimini,OK,421110,14279,421109,14582,1,-303
Trieste,Roma,OK,685637,22888,685583,23175,54,-287
Trieste,Rovigo,OK,236133,7977,236131,8268,2,-291
Trieste,Salerno,OK,925534,30230,925481,30516,53,-286
Trieste,Sanluri,OK,1120857,33909,1154732,196725,-33875,-162816
Trieste,Sassari,OK,1187303,37217,1025306,192893,161997,-155676
Trieste,Savona,OK,581919,20033,581926,20651,-7,-618
Trieste,Siena,OK,476988,16775,476934,17061,54,-286
Trieste,Siracusa,OK,1520512,58908,1521037,59218,-525,-310
Trieste,Sondrio,OK,474677,18176,474757,18798,-80,-622
Trieste,Taranto,OK,1054870,37505,1054887,37810,-17,-305
Trieste,Tempio Pausania,OK,1185270,37106,968623,189742,216647,-152636
Trieste,Teramo,OK,644939,22383,644912,22678,27,-295
Trieste,Terni,OK,639177,20602,639124,20888,53,-286
Trieste,Torino,OK,557755,19618,557754,20173,1,-555
Trieste,Tortolì,OK,985397,27346,1085925,194944,-100528,-167598
Trieste,Trani,OK,930554,32321,930529,32623,25,-302
Trieste,Trapani,OK,1307095,63217,1687898,65888,-380803,-2671
Trieste,Trento,OK,367467,11730,367466,11987,1,-257
Trieste,Treviso,OK,162917,6047,162917,6335,0,-288
Trieste,Udine,OK,83780,2986,84102,3089,-322,-103
Trieste,Urbino,OK,477277,17152,477276,17454,1,-302
Trieste,Varese,OK,473953,15842,473952,16396,1,-554
Trieste,Venezia,OK,168473,6199,167947,6441,526,-242
Trieste,Verbania,OK,518301,17862,518306,18416,-5,-554
Trieste,Vercelli,OK,500957,17379,500952,17933,5,-554
Trieste,Verona,OK,270945,9042,270944,9300,1,-258
Trieste,Vibo Valentia,OK,1273103,44766,1273626,45075,-523,-309
Trieste,Vicenza,OK,224201,7719,224200,8009,1,-290
Trieste,Villacidro,OK,1148673,35284,1171647,197994,-22974,-162710
Trieste,Viterbo,OK,626991,20603,626945,20890,46,-287
Udine,Agrigento,OK,1575812,62820,1576333,63176,-521,-356
Udine,Alessandria,OK,465489,16048,465189,16734,300,-686
Udine,Ancona,OK,478635,18271,478640,18620,-5,-349
Udine,Andria,OK,880783,30745,880758,31093,25,-348
Udine,Aosta,OK,561443,20162,561412,20763,31,-601
Udine,Arezzo,OK,448590,15240,448537,15572,53,-332
Udine,Ascoli Piceno,OK,591140,20980,591116,21328,24,-348
Udine,Asti,OK,501157,17276,501175,17941,-18,-665
Udine,Avellino,OK,869742,28520,869699,28912,43,-392
Udine,Bari,OK,931402,32798,931377,33146,25,-348
Udine,Barletta,OK,880037,30819,880010,31167,27,-348
Udine,Belluno,OK,128181,5517,128150,5842,31,-325
Udine,Benevento,OK,852386,28403,852332,28735,54,-332
Udine,Bergamo,OK,342532,11667,342531,12268,1,-601
Udine,Biella,OK,478953,17042,478925,17640,28,-598
Udine,Bologna,OK,270155,8968,270153,9302,2,-334
Udine,Bolzano - Bozen,OK,238529,11556,238491,11880,38,-324
Udine,Brescia,OK,298263,9893,298262,10493,1,-600
Udine,Brindisi,OK,1045609,36779,1045584,37126,25,-347
Udine,Cagliari,OK,1085669,33453,1159234,197732,-73565,-164279
Udine,Caltanissetta,OK,1525342,59683,1525864,60038,-522,-355
Udine,Campobasso,OK,795516,28532,795491,28880,25,-348
Udine,Carbonia,OK,1152064,36223,1189530,199688,-37466,-163465
Udine,Caserta,OK,818244,26725,818190,27057,54,-332
Udine,Catania,OK,1416060,55332,1416585,55687,-525,-355
Udine,Catanzaro,OK,1231972,43104,1232495,43459,-523,-355
Udine,Chieti,OK,640115,22528,639829,22865,286,-337
Udine,Como,OK,426380,14444,426379,15044,1,-600
Udine,Cosenza,OK,1138984,39388,1139506,39743,-522,-355
Udine,Cremona,OK,339074,11334,339074,11998,0,-664
Udine,Crotone,OK,1217476,44346,1217998,44701,-522,-355
Udine,Cuneo,OK,593180,21857,593187,22522,-7,-665
Udine,Enna,OK,1499979,58827,1500501,59183,-522,-356
Udine,Fermo,OK,536428,19294,536403,19642,25,-348
Udine,Ferrara,OK,239430,8197,239430,8532,0,-335
Udine,Firenze,OK,377712,13315,377658,13647,54,-332
Udine,Foggia,OK,810963,27872,810939,28219,24,-347
Udine,Forlì,OK,335308,12063,335298,12396,10,-333
Udine,Frosinone,OK,709051,23485,708997,23817,54,-332
Udine,Genova,OK,519305,17789,519303,18451,2,-662
Udine,Gorizia,OK,38339,2573,38341,2574,-2,-1
Udine,Grosseto,OK,510972,19207,511419,19537,-447,-330
Udine,Iglesias,OK,1129371,35181,1162559,198686,-33188,-163505
Udine,Imperia,OK,617772,21919,617771,22583,1,-664
Udine,Isernia,OK,799707,27033,799652,27421,55,-388
Udine,L'Aquila,OK,663222,23074,663151,23420,71,-346
Udine,La Spezia,OK,476453,16311,476452,16645,1,-334
Udine,Lanusei,OK,963916,27095,1048491,193969,-84575,-166874
Udine,Latina,OK,711640,24366,711586,24680,54,-314
Udine,Lecce,OK,1080983,38180,1080958,38528,25,-348
Udine,Lecco,OK,375218,13504,375217,14105,1,-601
Udine,Livorno,OK,450886,16219,450832,16551,54,-332
Udine,Lodi,OK,365136,13626,365136,14228,0,-602
Udine,Macerata,OK,539051,19174,539029,19522,22,-348
Udine,Mantova,OK,270431,8934,270430,9217,1,-283
Udine,Massa,OK,466985,15930,466935,16263,50,-333
Udine,Matera,OK,955953,34884,955936,35241,17,-357
Udine,Messina,OK,1320470,51192,1320996,51547,-526,-355
Udine,Milano,OK,385991,13314,385990,13914,1,-600
Udine,Modena,OK,308661,10666,308665,11000,-4,-334
Udine,Monza,OK,378074,12793,378073,13393,1,-600
Udine,Napoli,OK,844042,27456,843988,27788,54,-332
Udine,Novara,OK,430375,15283,430365,15884,10,-601
Udine,Nuoro,OK,1036583,30771,988728,190751,47855,-159980
Udine,Olbia,OK,1104639,33807,886935,186481,217704,-152674
Udine,Oristano,OK,1117671,34268,1068057,194152,49614,-159884
Udine,Padova,OK,158076,5944,158075,6278,1,-334
Udine,Palermo,OK,1167520,58179,1545418,60654,-377898,-2475
Udine,Parma,OK,361304,12345,361303,12679,1,-334
Udine,Pavia,OK,432354,14738,432353,15402,1,-664
Udine,Perugia,OK,525112,17805,525058,18137,54,-332
Udine,Pesaro,OK,414195,14569,414194,14918,1,-349
Udine,Piacenza,OK,372413,12639,372412,13300,1,-661
Udine,Pisa,OK,442569,15340,442516,15663,53,-323
Udine,Pistoia,OK,385824,13176,386224,13544,-400,-368
Udine,Pordenone,OK,50097,2961,50066,2961,31,0
Udine,Potenza,OK,917945,33424,917920,33771,25,-347
Udine,Prato,OK,369226,12794,369173,13126,53,-332
Udine,Ragusa,OK,1521920,60669,1522260,61025,-340,-356
Udine,Ravenna,OK,341659,11854,341656,12188,3,-334
Udine,Reggio di Calabria,OK,1322662,46569,1323187,46924,-525,-355
Udine,Rieti,OK,635401,21524,635344,21855,57,-331
Udine,Rimini,OK,381584,13186,381583,13535,1,-349
Udine,Roma,OK,646110,21795,646057,22127,53,-332
Udine,Rovigo,OK,196607,6884,196604,7221,3,-337
Udine,Salerno,OK,886008,29137,885955,29468,53,-331
Udine,Sanluri,OK,1081331,32816,1115206,195677,-33875,-162861
Udine,Sassari,OK,1147777,36124,985780,191846,161997,-155722
Udine,Savona,OK,542392,18939,542400,19604,-8,-665
Udine,Siena,OK,437462,15682,437408,16014,54,-332
Udine,Siracusa,OK,1480986,57815,1481511,58170,-525,-355
Udine,Sondrio,OK,435151,17083,435231,17750,-80,-667
Udine,Taranto,OK,1015344,36412,1015361,36762,-17,-350
Udine,Tempio Pausania,OK,1145744,36013,929097,188695,216647,-152682
Udine,Teramo,OK,605413,21290,605385,21631,28,-341
Udine,Terni,OK,599651,19509,599598,19841,53,-332
Udine,Torino,OK,518229,18525,518228,19125,1,-600
Udine,Tortolì,OK,945870,26253,1046399,193897,-100529,-167644
Udine,Trani,OK,891028,31228,891003,31576,25,-348
Udine,Trapani,OK,1267569,62123,1648372,64840,-380803,-2717
Udine,Trento,OK,327941,10636,327940,10940,1,-304
Udine,Treviso,OK,123391,4953,123391,5288,0,-335
Udine,Trieste,OK,84793,3030,84764,3107,29,-77
Udine,Urbino,OK,437751,16058,437750,16407,1,-349
Udine,Varese,OK,434427,14749,434426,15349,1,-600
Udine,Venezia,OK,128947,5106,128421,5394,526,-288
Udine,Verbania,OK,478775,16769,478780,17369,-5,-600
Udine,Vercelli,OK,461431,16286,461426,16886,5,-600
Udine,Verona,OK,231419,7949,231418,8253,1,-304
Udine,Vibo Valentia,OK,1233577,43673,1234100,44028,-523,-355
Udine,Vicenza,OK,184675,6626,184674,6962,1,-336
Udine,Villacidro,OK,1109147,34191,1132121,196946,-22974,-162755
Udine,Viterbo,OK,587465,19510,587419,19843,46,-333
Urbino,Agrigento,OK,1192381,53408,1192950,53435,-569,-27
Urbino,Alessandria,OK,413927,15954,413628,15976,299,-22
Urbino,Ancona,OK,94793,5316,94798,5317,-5,-1
Urbino,Andria,OK,503926,18426,503903,18425,23,1
Urbino,Aosta,OK,562180,21591,562149,21595,31,-4
Urbino,Arezzo,OK,104867,5947,104863,5947,4,0
Urbino,Ascoli Piceno,OK,214284,8661,214261,8660,23,1
Urbino,Asti,OK,449595,17182,449614,17183,-19,-1
Urbino,Avellino,OK,486312,19108,486317,19171,-5,-63
Urbino,Bari,OK,554545,20479,554522,20478,23,1
Urbino,Barletta,OK,503180,18500,503154,18499,26,1
Urbino,Belluno,OK,405305,14688,405308,14688,-3,0
Urbino,Benevento,OK,468956,18990,468950,18994,6,-4
Urbino,Bergamo,OK,404926,15664,421981,15725,-17055,-61
Urbino,Biella,OK,479690,18471,479662,18472,28,-1
Urbino,Bologna,OK,165665,7712,165665,7712,0,0
Urbino,Bolzano - Bozen,OK,446235,16706,446236,16706,-1,0
Urbino,Brescia,OK,360658,13890,360658,14106,0,-216
Urbino,Brindisi,OK,668753,24459,668729,24458,24,1
Urbino,Cagliari,OK,716751,24218,790356,188169,-73605,-163951
Urbino,Caltanissetta,OK,1141912,50270,1142481,50298,-569,-28
Urbino,Campobasso,OK,418660,16213,418636,16212,24,1
Urbino,Carbonia,OK,783146,26988,820652,190124,-37506,-163136
Urbino,Caserta,OK,434813,17312,434808,17317,5,-5
Urbino,Catania,OK,1032629,45919,1033202,45946,-573,-27
Urbino,Catanzaro,OK,848542,33692,849112,33719,-570,-27
Urbino,Chieti,OK,263259,10209,262974,10197,285,12
Urbino,Como,OK,429741,15971,429740,15973,1,-2
Urbino,Cosenza,OK,755553,29976,756123,30003,-570,-27
Urbino,Cremona,OK,345785,13422,345786,13422,-1,0
Urbino,Crotone,OK,851442,34863,851419,34862,23,1
Urbino,Cuneo,OK,541618,21762,541626,21763,-8,-1
Urbino,Enna,OK,1116549,49415,1117118,49442,-569,-27
Urbino,Fermo,OK,159571,6975,159548,6974,23,1
Urbino,Ferrara,OK,207069,9016,207069,9016,0,0
Urbino,Firenze,OK,179264,8671,179588,8670,-324,1
Urbino,Foggia,OK,434107,15553,434083,15552,24,1
Urbino,Forlì,OK,109370,5630,109371,5630,-1,0
Urbino,Frosinone,OK,325621,14073,325615,14076,6,-3
Urbino,Genova,OK,413678,17129,413675,17127,3,2
Urbino,Gorizia,OK,439743,16535,439759,16873,-16,-338
Urbino,Grosseto,OK,241126,12077,241624,12074,-498,3
Urbino,Iglesias,OK,760453,25946,793681,189122,-33228,-163176
Urbino,Imperia,OK,530294,21710,530292,21710,2,0
Urbino,Isernia,OK,387723,15752,387704,15751,19,1
Urbino,L'Aquila,OK,286366,10755,286296,10753,70,2
Urbino,La Spezia,OK,327307,13595,327303,13594,4,1
Urbino,Lanusei,OK,594998,17860,679614,184406,-84616,-166546
Urbino,Latina,OK,328210,14954,328204,14939,6,15
Urbino,Lecce,OK,704127,25861,704103,25860,24,1
Urbino,Lecco,OK,429322,16198,429322,16201,0,-3
Urbino,Livorno,OK,268656,12352,268653,12351,3,1
Urbino,Lodi,OK,353198,13408,353198,13408,0,0
Urbino,Macerata,OK,162194,6855,162174,6855,20,0
Urbino,Mantova,OK,275877,11206,275878,11206,-1,0
Urbino,Massa,OK,299278,12522,299278,12522,0,0
Urbino,Matera,OK,579097,22565,579080,22574,17,-9
Urbino,Messina,OK,937040,41780,937613,41806,-573,-26
Urbino,Milano,OK,377557,14202,377556,14205,1,-3
Urbino,Modena,OK,209642,9629,209648,9629,-6,0
Urbino,Monza,OK,389746,14601,389746,14603,0,-2
Urbino,Napoli,OK,460611,18044,460605,18048,6,-4
Urbino,Novara,OK,431112,16712,431102,16715,10,-3
Urbino,Nuoro,OK,667665,21536,619850,181188,47815,-159652
Urbino,Olbia,OK,735721,24572,518058,176917,217663,-152345
Urbino,Oristano,OK,748753,25033,699180,184588,49573,-159555
Urbino,Padova,OK,278001,11073,277999,11073,2,0
Urbino,Palermo,OK,784090,48766,1162035,50913,-377945,-2147
Urbino,Parma,OK,262285,11308,262285,11308,0,0
Urbino,Pavia,OK,366431,14554,366452,14555,-21,-1
Urbino,Perugia,OK,97695,6006,97696,6010,-1,-4
Urbino,Pesaro,OK,34758,2030,34758,2030,0,0
Urbino,Piacenza,OK,316759,12336,316759,12333,0,3
Urbino,Pisa,OK,259776,11879,259773,11879,3,0
Urbino,Pistoia,OK,218117,9768,218567,9804,-450,-36
Urbino,Pordenone,OK,386764,13936,386767,14210,-3,-274
Urbino,Potenza,OK,541088,21104,541065,21103,23,1
Urbino,Prato,OK,201519,9386,201516,9385,3,1
Urbino,Ragusa,OK,1138490,51257,1138878,51284,-388,-27
Urbino,Ravenna,OK,114846,5768,114847,5731,-1,37
Urbino,Reggio di Calabria,OK,939232,37157,939805,37184,-573,-27
Urbino,Rieti,OK,207976,10330,207966,10333,10,-3
Urbino,Rimini,OK,56548,3377,56549,3377,-1,0
Urbino,Roma,OK,262680,12383,262674,12387,6,-4
Urbino,Rovigo,OK,239950,9691,239966,9692,-16,-1
Urbino,Salerno,OK,502578,19724,502572,19728,6,-4
Urbino,Sanluri,OK,712413,23581,746329,186114,-33916,-162533
Urbino,Sassari,OK,778859,26889,616902,182282,161957,-155393
Urbino,Savona,OK,454915,18731,454920,18731,-5,0
Urbino,Siena,OK,170836,8572,170833,8571,3,1
Urbino,Siracusa,OK,1097555,48403,1098128,48430,-573,-27
Urbino,Sondrio,OK,508880,19872,508946,19954,-66,-82
Urbino,Taranto,OK,638488,24093,638505,24094,-17,-1
Urbino,Tempio Pausania,OK,776826,26778,560219,179131,216607,-152353
Urbino,Teramo,OK,228556,8970,228530,8963,26,7
Urbino,Terni,OK,172225,8315,172220,8319,5,-4
Urbino,Torino,OK,496592,19182,496592,19182,0,0
Urbino,Tortolì,OK,576952,17018,677521,184333,-100569,-167315
Urbino,Trani,OK,514171,18909,514148,18908,23,1
Urbino,Trapani,OK,884139,52711,1264989,55100,-380850,-2389
Urbino,Trento,OK,390188,14507,390189,14507,-1,0
Urbino,Treviso,OK,329181,12533,329184,12533,-3,0
Urbino,Trieste,OK,469070,16944,469043,17313,27,-369
Urbino,Udine,OK,428983,15827,429309,16267,-326,-440
Urbino,Varese,OK,437787,16276,437787,16278,0,-2
Urbino,Venezia,OK,314304,12001,313778,11955,526,46
Urbino,Verbania,OK,482136,18296,482141,18299,-5,-3
Urbino,Vercelli,OK,462167,17715,462163,17717,4,-2
Urbino,Verona,OK,308206,12226,308213,12191,-7,35
Urbino,Vibo Valentia,OK,850146,34260,850717,34287,-571,-27
Urbino,Vicenza,OK,310289,12025,310290,12027,-1,-2
Urbino,Villacidro,OK,740229,24956,763243,187383,-23014,-162427
Urbino,Viterbo,OK,218547,10275,218541,10279,6,-4
Varese,Agrigento,OK,1564623,62137,1565145,62158,-522,-21
Varese,Alessandria,OK,145597,5407,145298,5429,299,-22
Varese,Ancona,OK,486662,18360,486668,18374,-6,-14
Varese,Andria,OK,888810,30834,888787,30847,23,-13
Varese,Aosta,OK,195539,8194,195502,8194,37,0
Varese,Arezzo,OK,437401,14557,437349,14555,52,2
Varese,Ascoli Piceno,OK,599168,21069,599144,21082,24,-13
Varese,Asti,OK,182424,6729,182443,6730,-19,-1
Varese,Avellino,OK,858553,27837,858512,27894,41,-57
Varese,Bari,OK,939429,32887,939406,32901,23,-14
Varese,Barletta,OK,888064,30908,888038,30921,26,-13
Varese,Belluno,OK,410714,13729,410716,14156,-2,-427
Varese,Benevento,OK,841197,27720,841145,27717,52,3
Varese,Bergamo,OK,99779,3750,99778,3750,1,0
Varese,Biella,OK,94803,4401,94797,4401,6,0
Varese,Bologna,OK,273042,8891,273043,8890,-1,1
Varese,Bolzano - Bozen,OK,347461,12176,347463,12555,-2,-379
Varese,Brescia,OK,148346,5724,148346,5724,0,0
Varese,Brindisi,OK,1053637,36867,1053613,36881,24,-14
Varese,Cagliari,OK,1074480,32770,1148046,196715,-73566,-163945
Varese,Caltanissetta,OK,1514154,59000,1514677,59021,-523,-21
Varese,Campobasso,OK,803543,28621,803520,28634,23,-13
Varese,Carbonia,OK,1140875,35540,1178342,198670,-37467,-163130
Varese,Caserta,OK,807055,26042,807003,26040,52,2
Varese,Catania,OK,1404871,54649,1405397,54670,-526,-21
Varese,Catanzaro,OK,1220783,42421,1221307,42442,-524,-21
Varese,Chieti,OK,648143,22617,647858,22619,285,-2
Varese,Como,OK,29559,2050,28776,2055,783,-5
Varese,Cosenza,OK,1127795,38705,1128318,38726,-523,-21
Varese,Cremona,OK,162585,5963,162585,5963,0,0
Varese,Crotone,OK,1206287,43663,1206810,43684,-523,-21
Varese,Cuneo,OK,250046,10807,250047,10807,-1,0
Varese,Enna,OK,1488790,58144,1489313,58165,-523,-21
Varese,Fermo,OK,544455,19383,544431,19396,24,-13
Varese,Ferrara,OK,314591,10166,314591,10166,0,0
Varese,Firenze,OK,366524,12632,366471,12629,53,3
Varese,Foggia,OK,818991,27961,818967,27974,24,-13
Varese,Forlì,OK,343335,12152,343326,12151,9,1
Varese,Frosinone,OK,697863,22802,697810,22799,53,3
Varese,Genova,OK,199413,7148,199413,7146,0,2
Varese,Gorizia,OK,445151,15576,445167,16340,-16,-764
Varese,Grosseto,OK,499784,18524,500231,18520,-447,4
Varese,Iglesias,OK,1118182,34498,1151371,197668,-33189,-163170
Varese,Imperia,OK,297880,11278,297881,11277,-1,1
Varese,Isernia,OK,788518,26350,788465,26403,53,-53
Varese,L'Aquila,OK,724438,23156,724383,23154,55,2
Varese,La Spezia,OK,282307,10232,282307,10232,0,0
Varese,Lanusei,OK,952728,26412,1037304,192952,-84576,-166540
Varese,Latina,OK,700451,23683,700399,23663,52,20
Varese,Lecce,OK,1089010,38269,1088986,38282,24,-13
Varese,Lecco,OK,56067,3417,55285,3422,782,-5
Varese,Livorno,OK,358152,13384,358152,13384,0,0
Varese,Lodi,OK,97173,4317,97173,4317,0,0
Varese,Macerata,OK,547078,19263,547057,19277,21,-14
Varese,Mantova,OK,232211,8170,232211,8567,0,-397
Varese,Massa,OK,299391,10979,299395,10979,-4,0
Varese,Matera,OK,963981,34973,963964,34996,17,-23
Varese,Messina,OK,1309282,50509,1309808,50530,-526,-21
Varese,Milano,OK,58299,2638,58299,2638,0,0
Varese,Modena,OK,237628,7811,237628,7811,0,0
Varese,Monza,OK,65580,2748,65844,2755,-264,-7
Varese,Napoli,OK,832853,26773,832800,26771,53,2
Varese,Novara,OK,58567,3237,58502,3232,65,5
Varese,Nuoro,OK,1025395,30088,977540,189734,47855,-159646
Varese,Olbia,OK,1093451,33124,875748,185464,217703,-152340
Varese,Oristano,OK,1106482,33585,1056870,193134,49612,-159549
Varese,Padova,OK,287481,10003,287481,10430,0,-427
Varese,Palermo,OK,1156331,57496,1534230,59636,-377899,-2140
Varese,Parma,OK,185711,6338,185711,6338,0,0
Varese,Pavia,OK,93396,3633,93396,3633,0,0
Varese,Perugia,OK,513923,17122,513870,17120,53,2
Varese,Pesaro,OK,422222,14658,422222,14672,0,-14
Varese,Piacenza,OK,128752,4718,128750,4718,2,0
Varese,Pisa,OK,340926,12776,340926,12776,0,0
Varese,Pistoia,OK,374636,12493,375036,12527,-400,-34
Varese,Pordenone,OK,392172,12977,392175,13678,-3,-701
Varese,Potenza,OK,925972,33512,925949,33526,23,-14
Varese,Prato,OK,358038,12111,357985,12108,53,3
Varese,Ragusa,OK,1510732,59986,1511073,60007,-341,-21
Varese,Ravenna,OK,349686,11943,349685,11943,1,0
Varese,Reggio di Calabria,OK,1311473,45886,1312000,45907,-527,-21
Varese,Rieti,OK,624213,20841,624157,20838,56,3
Varese,Rimini,OK,389612,13275,389611,13289,1,-14
Varese,Roma,OK,634922,21112,634869,21110,53,2
Varese,Rovigo,OK,347472,10841,347487,10842,-15,-1
Varese,Salerno,OK,874819,28454,874767,28451,52,3
Varese,Sanluri,OK,1070142,32133,1104019,194660,-33877,-162527
Varese,Sassari,OK,1136588,35441,974592,190829,161996,-155388
Varese,Savona,OK,222501,8298,222509,8298,-8,0
Varese,Siena,OK,426274,14999,426220,14997,54,2
Varese,Siracusa,OK,1469797,57132,1470323,57153,-526,-21
Varese,Sondrio,OK,135625,7091,134909,7175,716,-84
Varese,Taranto,OK,1023372,36501,1023389,36517,-17,-16
Varese,Tempio Pausania,OK,1134555,35330,917909,187677,216646,-152347
Varese,Teramo,OK,613440,21378,613414,21385,26,-7
Varese,Terni,OK,588462,18826,588411,18824,51,2
Varese,Torino,OK,152325,6557,152318,6556,7,1
Varese,Tortolì,OK,934682,25570,1035211,192879,-100529,-167309
Varese,Trani,OK,899055,31317,899032,31330,23,-13
Varese,Trapani,OK,1256381,61440,1637184,63823,-380803,-2383
Varese,Trento,OK,291414,9978,291416,10357,-2,-379
Varese,Treviso,OK,334590,11574,334592,12001,-2,-427
Varese,Trieste,OK,474478,15985,474451,16781,27,-796
Varese,Udine,OK,434392,14868,434717,15735,-325,-867
Varese,Urbino,OK,445778,16147,445778,16162,0,-15
Varese,Venezia,OK,319712,11042,319186,11423,526,-381
Varese,Verbania,OK,79321,3596,79314,3596,7,0
Varese,Vercelli,OK,95873,4306,95863,4305,10,1
Varese,Verona,OK,209061,7548,209068,7983,-7,-435
Varese,Vibo Valentia,OK,1222388,42990,1222912,43010,-524,-20
Varese,Vicenza,OK,257814,9012,258050,9439,-236,-427
Varese,Villacidro,OK,1097958,33508,1120933,195929,-22975,-162421
Varese,Viterbo,OK,576276,18827,576231,18825,45,2
Venezia,Agrigento,OK,1459496,58874,1460018,58895,-522,-21
Venezia,Alessandria,OK,349173,12102,348874,12453,299,-351
Venezia,Ancona,OK,362319,14325,362325,14339,-6,-14
Venezia,Andria,OK,764467,26799,764444,26812,23,-13
Venezia,Aosta,OK,445128,16216,445097,16482,31,-266
Venezia,Arezzo,OK,332274,11294,332222,11291,52,3
Venezia,Ascoli Piceno,OK,474825,17034,474801,17047,24,-13
Venezia,Asti,OK,384841,13330,384860,13660,-19,-330
Venezia,Avellino,OK,753426,24574,753385,24631,41,-57
Venezia,Bari,OK,815086,28852,815063,28865,23,-13
Venezia,Barletta,OK,763721,26873,763695,26886,26,-13
Venezia,Belluno,OK,107791,3872,107791,3872,0,0
Venezia,Benevento,OK,736070,24457,736018,24454,52,3
Venezia,Bergamo,OK,226216,7721,226216,7987,0,-266
Venezia,Biella,OK,362638,13096,362610,13360,28,-264
Venezia,Bologna,OK,153839,5021,153839,5021,0,0
Venezia,Bolzano - Bozen,OK,267672,8889,267672,8858,0,31
Venezia,Brescia,OK,181948,5947,181948,6213,0,-266
Venezia,Brindisi,OK,929294,32832,929270,32846,24,-14
Venezia,Cagliari,OK,969354,29507,1042919,193452,-73565,-163945
Venezia,Caltanissetta,OK,1409027,55737,1409549,55757,-522,-20
Venezia,Campobasso,OK,679201,24586,679177,24599,24,-13
Venezia,Carbonia,OK,1035748,32277,1073215,195407,-37467,-163130
Venezia,Caserta,OK,701928,22779,701876,22776,52,3
Venezia,Catania,OK,1299744,51386,1300270,51406,-526,-20
Venezia,Catanzaro,OK,1115656,39158,1116180,39179,-524,-21
Venezia,Chieti,OK,523800,18582,523515,18584,285,-2
Venezia,Como,OK,310065,10498,310065,10763,0,-265
Venezia,Cosenza,OK,1022668,35442,1023191,35463,-523,-21
Venezia,Cremona,OK,222759,7387,222759,7717,0,-330
Venezia,Crotone,OK,1101160,40400,1101683,40420,-523,-20
Venezia,Cuneo,OK,476864,17911,476872,18241,-8,-330
Venezia,Enna,OK,1383664,54881,1384186,54902,-522,-21
Venezia,Fermo,OK,420112,15348,420088,15361,24,-13
Venezia,Ferrara,OK,123115,4251,123115,4251,0,0
Venezia,Firenze,OK,261397,9368,261344,9366,53,2
Venezia,Foggia,OK,694648,23926,694624,23939,24,-13
Venezia,Forlì,OK,218992,8117,218983,8116,9,1
Venezia,Frosinone,OK,592736,19539,592683,19536,53,3
Venezia,Genova,OK,402989,13843,402989,14170,0,-327
Venezia,Gorizia,OK,139686,5649,139699,5986,-13,-337
Venezia,Grosseto,OK,394657,15261,395104,15256,-447,5
Venezia,Iglesias,OK,1013056,31235,1046244,194405,-33188,-163170
Venezia,Imperia,OK,501456,17973,501457,18302,-1,-329
Venezia,Isernia,OK,683392,23087,683338,23140,54,-53
Venezia,L'Aquila,OK,546907,19128,546836,19140,71,-12
Venezia,La Spezia,OK,360138,12365,360137,12364,1,1
Venezia,Lanusei,OK,847601,23149,932177,189689,-84576,-166540
Venezia,Latina,OK,595325,20420,595272,20399,53,21
Venezia,Lecce,OK,964667,34234,964643,34247,24,-13
Venezia,Lecco,OK,258902,9558,258902,9824,0,-266
Venezia,Livorno,OK,334571,12273,334518,12270,53,3
Venezia,Lodi,OK,248820,9680,248821,9947,-1,-267
Venezia,Macerata,OK,422735,15228,422714,15242,21,-14
Venezia,Mantova,OK,154115,4988,154115,4936,0,52
Venezia,Massa,OK,350670,11984,350620,11982,50,2
Venezia,Matera,OK,839638,30938,839621,30961,17,-23
Venezia,Messina,OK,1204155,47246,1204681,47266,-526,-20
Venezia,Milano,OK,269675,9368,269675,9633,0,-265
Venezia,Modena,OK,192345,6719,192350,6719,-5,0
Venezia,Monza,OK,261758,8847,261758,9112,0,-265
Venezia,Napoli,OK,727726,23510,727673,23508,53,2
Venezia,Novara,OK,314059,11337,314051,11603,8,-266
Venezia,Nuoro,OK,920268,26825,872413,186471,47855,-159646
Venezia,Olbia,OK,988324,29861,770621,182200,217703,-152339
Venezia,Oristano,OK,1001355,30322,951743,189871,49612,-159549
Venezia,Padova,OK,41761,1998,41761,1998,0,0
Venezia,Palermo,OK,1051205,54232,1429103,56373,-377898,-2141
Venezia,Parma,OK,244988,8399,244988,8398,0,1
Venezia,Pavia,OK,316038,10792,316038,11121,0,-329
Venezia,Perugia,OK,408796,13859,408743,13856,53,3
Venezia,Pesaro,OK,297879,10623,297879,10637,0,-14
Venezia,Piacenza,OK,256097,8693,256097,9019,0,-326
Venezia,Pisa,OK,326254,11394,326201,11383,53,11
Venezia,Pistoia,OK,269509,9230,269909,9263,-400,-33
Venezia,Pordenone,OK,89249,3120,89249,3394,0,-274
Venezia,Potenza,OK,801629,29477,801606,29490,23,-13
Venezia,Prato,OK,252911,8848,252858,8845,53,3
Venezia,Ragusa,OK,1405605,56723,1405946,56744,-341,-21
Venezia,Ravenna,OK,225343,7908,225342,7907,1,1
Venezia,Reggio di Calabria,OK,1206347,42623,1206873,42643,-526,-20
Venezia,Rieti,OK,519086,17578,519030,17575,56,3
Venezia,Rimini,OK,265269,9240,265268,9254,1,-14
Venezia,Roma,OK,529795,17849,529742,17846,53,3
Venezia,Rovigo,OK,80291,2938,80290,2940,1,-2
Venezia,Salerno,OK,769692,25190,769640,25188,52,2
Venezia,Sanluri,OK,965015,28869,998892,191396,-33877,-162527
Venezia,Sassari,OK,1031461,32178,869465,187565,161996,-155387
Venezia,Savona,OK,426077,14993,426085,15323,-8,-330
Venezia,Siena,OK,321147,11736,321093,11733,54,3
Venezia,Siracusa,OK,1364670,53869,1365196,53889,-526,-20
Venezia,Sondrio,OK,318836,13137,318916,13470,-80,-333
Venezia,Taranto,OK,899029,32466,899046,32482,-17,-16
Venezia,Tempio Pausania,OK,1029428,32066,812782,184414,216646,-152348
Venezia,Teramo,OK,489097,17343,489071,17350,26,-7
Venezia,Terni,OK,483336,15563,483283,15560,53,3
Venezia,Torino,OK,401914,14579,401914,14845,0,-266
Venezia,Tortolì,OK,829555,22307,930084,189616,-100529,-167309
Venezia,Trani,OK,774712,27282,774689,27295,23,-13
Venezia,Trapani,OK,1151254,58177,1532057,60560,-380803,-2383
Venezia,Trento,OK,211625,6690,211625,6659,0,31
Venezia,Treviso,OK,29857,1849,29857,1849,0,0
Venezia,Trieste,OK,169013,6058,168983,6427,30,-369
Venezia,Udine,OK,128927,4941,129249,5381,-322,-440
Venezia,Urbino,OK,321435,12112,321435,12126,0,-14
Venezia,Varese,OK,318111,10803,318112,11068,-1,-265
Venezia,Verbania,OK,362460,12823,362465,13088,-5,-265
Venezia,Vercelli,OK,345115,12340,345111,12605,4,-265
Venezia,Verona,OK,115104,4002,115103,3972,1,30
Venezia,Vibo Valentia,OK,1117261,39726,1117785,39747,-524,-21
Venezia,Vicenza,OK,68359,2680,68359,2681,0,-1
Venezia,Villacidro,OK,992831,30245,1015806,192665,-22975,-162420
Venezia,Viterbo,OK,471149,15564,471104,15562,45,2
Verbania,Agrigento,OK,1612441,64245,1612965,64266,-524,-21
Verbania,Alessandria,OK,152443,6576,150662,7002,1781,-426
Verbania,Ancona,OK,534480,20467,534488,20482,-8,-15
Verbania,Andria,OK,936628,32941,936607,32955,21,-14
Verbania,Aosta,OK,198200,8436,198170,8436,30,0
Verbania,Arezzo,OK,485219,16664,485169,16662,50,2
Verbania,Ascoli Piceno,OK,646986,23176,646965,23189,21,-13
Verbania,Asti,OK,159344,7442,159348,7443,-4,-1
Verbania,Avellino,OK,906371,29944,906332,30002,39,-58
Verbania,Bari,OK,987247,34995,987226,35008,21,-13
Verbania,Barletta,OK,935882,33015,935858,33029,24,-14
Verbania,Belluno,OK,458532,15836,458537,16263,-5,-427
Verbania,Benevento,OK,889015,29827,888965,29825,50,2
Verbania,Bergamo,OK,147596,5857,147599,5857,-3,0
Verbania,Biella,OK,90643,4610,90636,4609,7,1
Verbania,Bologna,OK,320860,10998,320863,10998,-3,0
Verbania,Bolzano - Bozen,OK,395279,14284,395283,14663,-4,-379
Verbania,Brescia,OK,196164,7831,196166,7831,-2,0
Verbania,Brindisi,OK,1101455,38975,1101433,38988,22,-13
Verbania,Cagliari,OK,1122298,34877,1195867,198822,-73569,-163945
Verbania,Caltanissetta,OK,1561972,61107,1562497,61128,-525,-21
Verbania,Campobasso,OK,851361,30728,851340,30742,21,-14
Verbania,Carbonia,OK,1188693,37647,1226162,200778,-37469,-163131
Verbania,Caserta,OK,854873,28149,854823,28147,50,2
Verbania,Catania,OK,1452689,56756,1453218,56777,-529,-21
Verbania,Catanzaro,OK,1268601,44529,1269128,44549,-527,-20
Verbania,Chieti,OK,695960,24724,695678,24727,282,-3
Verbania,Como,OK,115482,4742,115485,4742,-3,0
Verbania,Cosenza,OK,1175613,40813,1176139,40833,-526,-20
Verbania,Cremona,OK,210403,8070,210405,8070,-2,0
Verbania,Crotone,OK,1254105,45770,1254631,45791,-526,-21
Verbania,Cuneo,OK,252707,11049,252714,11049,-7,0
Verbania,Enna,OK,1536608,60252,1537134,60273,-526,-21
Verbania,Fermo,OK,592273,21490,592252,21503,21,-13
Verbania,Ferrara,OK,362409,12273,362411,12273,-2,0
Verbania,Firenze,OK,414341,14739,414291,14737,50,2
Verbania,Foggia,OK,866808,30068,866788,30081,20,-13
Verbania,Forlì,OK,391153,14259,391147,14258,6,1
Verbania,Frosinone,OK,745681,24909,745630,24907,51,2
Verbania,Genova,OK,247231,9255,247233,9253,-2,2
Verbania,Gorizia,OK,492969,17684,492988,18448,-19,-764
Verbania,Grosseto,OK,547602,20631,548052,20627,-450,4
Verbania,Iglesias,OK,1166000,36605,1199191,199776,-33191,-163171
Verbania,Imperia,OK,308224,12834,308225,12834,-1,0
Verbania,Isernia,OK,836336,28458,836285,28511,51,-53
Verbania,L'Aquila,OK,772256,25263,772204,25262,52,1
Verbania,La Spezia,OK,330124,12339,330127,12339,-3,0
Verbania,Lanusei,OK,1000546,28519,1085124,195059,-84578,-166540
Verbania,Latina,OK,748269,25791,748219,25770,50,21
Verbania,Lecce,OK,1136828,40376,1136807,40390,21,-14
Verbania,Lecco,OK,141991,6109,141993,6109,-2,0
Verbania,Livorno,OK,405970,15492,405972,15492,-2,0
Verbania,Lodi,OK,144991,6425,144993,6425,-2,0
Verbania,Macerata,OK,594896,21371,594878,21384,18,-13
Verbania,Mantova,OK,280029,10277,280032,10674,-3,-397
Verbania,Massa,OK,347209,13086,347215,13086,-6,0
Verbania,Matera,OK,1011799,37080,1011784,37103,15,-23
Verbania,Messina,OK,1357100,52616,1357628,52637,-528,-21
Verbania,Milano,OK,106117,4745,106119,4745,-2,0
Verbania,Modena,OK,285446,9919,285448,9919,-2,0
Verbania,Monza,OK,113398,4855,113664,4862,-266,-7
Verbania,Napoli,OK,880671,28881,880621,28878,50,3
Verbania,Novara,OK,79161,3946,79169,3946,-8,0
Verbania,Nuoro,OK,1073213,32195,1025361,191841,47852,-159646
Verbania,Olbia,OK,1141269,35231,923568,187571,217701,-152340
Verbania,Oristano,OK,1154300,35692,1104690,195242,49610,-159550
Verbania,Padova,OK,335299,12110,335301,12538,-2,-428
Verbania,Palermo,OK,1204149,59603,1582050,61744,-377901,-2141
Verbania,Parma,OK,233529,8445,233531,8445,-2,0
Verbania,Pavia,OK,141214,5740,141217,5740,-3,0
Verbania,Perugia,OK,561741,19229,561691,19227,50,2
Verbania,Pesaro,OK,470040,16765,470043,16780,-3,-15
Verbania,Piacenza,OK,176570,6825,176571,6825,-1,0
Verbania,Pisa,OK,388744,14883,388746,14883,-2,0
Verbania,Pistoia,OK,422454,14600,422857,14634,-403,-34
Verbania,Pordenone,OK,439990,15084,439995,15785,-5,-701
Verbania,Potenza,OK,973790,35620,973769,35633,21,-13
Verbania,Prato,OK,405856,14218,405805,14216,51,2
Verbania,Ragusa,OK,1558549,62094,1558893,62115,-344,-21
Verbania,Ravenna,OK,397504,14051,397505,14050,-1,1
Verbania,Reggio di Calabria,OK,1359291,47993,1359820,48014,-529,-21
Verbania,Rieti,OK,672031,22948,671977,22945,54,3
Verbania,Rimini,OK,437430,15382,437432,15397,-2,-15
Verbania,Roma,OK,682740,23220,682689,23217,51,3
Verbania,Rovigo,OK,395290,12948,395308,12949,-18,-1
Verbania,Salerno,OK,922637,30561,922587,30558,50,3
Verbania,Sanluri,OK,1117960,34240,1151839,196767,-33879,-162527
Verbania,Sassari,OK,1184406,37548,1022412,192936,161994,-155388
Verbania,Savona,OK,232845,9855,232853,9855,-8,0
Verbania,Siena,OK,474091,17106,474040,17104,51,2
Verbania,Siracusa,OK,1517615,59239,1518144,59260,-529,-21
Verbania,Sondrio,OK,221549,9783,221618,9862,-69,-79
Verbania,Taranto,OK,1071190,38608,1071209,38624,-19,-16
Verbania,Tempio Pausania,OK,1182373,37437,965730,189785,216643,-152348
Verbania,Teramo,OK,661258,23486,661234,23493,24,-7
Verbania,Terni,OK,636280,20933,636231,20931,49,2
Verbania,Torino,OK,154986,6798,154986,6798,0,0
Verbania,Tortolì,OK,982500,27677,1083031,194987,-100531,-167310
Verbania,Trani,OK,946873,33424,946852,33438,21,-14
Verbania,Trapani,OK,1304199,63548,1685004,65930,-380805,-2382
Verbania,Trento,OK,339232,12085,339237,12464,-5,-379
Verbania,Treviso,OK,382408,13681,382413,14108,-5,-427
Verbania,Trieste,OK,522296,18092,522272,18888,24,-796
Verbania,Udine,OK,482210,16975,482537,17843,-327,-868
Verbania,Urbino,OK,493596,18255,493598,18269,-2,-14
Verbania,Varese,OK,82937,3685,82934,3686,3,-1
Verbania,Venezia,OK,367530,13150,367007,13531,523,-381
Verbania,Vercelli,OK,98535,4548,98531,4547,4,1
Verbania,Verona,OK,256879,9655,256888,10090,-9,-435
Verbania,Vibo Valentia,OK,1270206,45097,1270732,45118,-526,-21
Verbania,Vicenza,OK,305632,11120,305871,11546,-239,-426
Verbania,Villacidro,OK,1145776,35615,1168753,198036,-22977,-162421
Verbania,Viterbo,OK,624094,20934,624051,20933,43,1
Vercelli,Agrigento,OK,1578466,63134,1578984,63154,-518,-20
Vercelli,Alessandria,OK,64533,2985,62752,3408,1781,-423
Vercelli,Ancona,OK,500505,19356,500507,19371,-2,-15
Vercelli,Andria,OK,902653,31830,902626,31843,27,-13
Vercelli,Aosta,OK,121543,5252,121513,5251,30,1
Vercelli,Arezzo,OK,451244,15553,451188,15551,56,2
Vercelli,Ascoli Piceno,OK,613010,22065,612984,22078,26,-13
Vercelli,Asti,OK,58944,3304,58948,3303,-4,1
Vercelli,Avellino,OK,872396,28833,872351,28890,45,-57
Vercelli,Bari,OK,953272,33884,953245,33897,27,-13
Vercelli,Barletta,OK,901907,31904,901877,31917,30,-13
Vercelli,Belluno,OK,427309,14827,427308,15254,1,-427
Vercelli,Benevento,OK,855040,28716,854984,28714,56,2
Vercelli,Bergamo,OK,116373,4848,116370,4848,3,0
Vercelli,Biella,OK,42861,2527,42833,2525,28,2
Vercelli,Bologna,OK,286885,9887,286882,9887,3,0
Vercelli,Bolzano - Bozen,OK,364056,13275,364055,13653,1,-378
Vercelli,Brescia,OK,164941,6822,164937,6822,4,0
Vercelli,Brindisi,OK,1067479,37864,1067452,37877,27,-13
Vercelli,Cagliari,OK,1088323,33766,1161886,197711,-73563,-163945
Vercelli,Caltanissetta,OK,1527997,59996,1528516,60017,-519,-21
Vercelli,Campobasso,OK,817386,29617,817359,29630,27,-13
Vercelli,Carbonia,OK,1154718,36536,1192181,199666,-37463,-163130
Vercelli,Caserta,OK,820898,27038,820842,27036,56,2
Vercelli,Catania,OK,1418714,55645,1419237,55666,-523,-21
Vercelli,Catanzaro,OK,1234626,43418,1235147,43438,-521,-20
Vercelli,Chieti,OK,661985,23613,661697,23615,288,-2
Vercelli,Como,OK,100339,4301,100335,4301,4,0
Vercelli,Cosenza,OK,1141638,39702,1142158,39722,-520,-20
Vercelli,Cremona,OK,176428,6959,176424,6959,4,0
Vercelli,Crotone,OK,1220130,44659,1220650,44680,-520,-21
Vercelli,Cuneo,OK,148626,7594,148625,7592,1,2
Vercelli,Enna,OK,1502633,59141,1503153,59161,-520,-20
Vercelli,Fermo,OK,558298,20379,558271,20392,27,-13
Vercelli,Ferrara,OK,328434,11162,328430,11162,4,0
Vercelli,Firenze,OK,380366,13628,380310,13625,56,3
Vercelli,Foggia,OK,832833,28957,832807,28970,26,-13
Vercelli,Forlì,OK,357178,13148,357166,13147,12,1
Vercelli,Frosinone,OK,711706,23798,711649,23795,57,3
Vercelli,Genova,OK,135261,6015,135261,6013,0,2
Vercelli,Gorizia,OK,461746,16675,461759,17438,-13,-763
Vercelli,Grosseto,OK,451152,18574,451151,18571,1,3
Vercelli,Iglesias,OK,1132025,35494,1165210,198665,-33185,-163171
Vercelli,Imperia,OK,220314,9242,220315,9240,-1,2
Vercelli,Isernia,OK,802361,27347,802304,27400,57,-53
Vercelli,L'Aquila,OK,738281,24152,738223,24150,58,2
Vercelli,La Spezia,OK,243179,9869,243179,9867,0,2
Vercelli,Lanusei,OK,966571,27408,1051143,193948,-84572,-166540
Vercelli,Latina,OK,714294,24680,714238,24659,56,21
Vercelli,Lecce,OK,1102853,39265,1102826,39278,27,-13
Vercelli,Lecco,OK,120000,5335,119996,5336,4,-1
Vercelli,Livorno,OK,319091,13014,319090,13012,1,2
Vercelli,Lodi,OK,111016,5314,111012,5313,4,1
Vercelli,Macerata,OK,560921,20260,560897,20273,24,-13
Vercelli,Mantova,OK,248806,9268,248803,9665,3,-397
Vercelli,Massa,OK,260330,10609,260333,10607,-3,2
Vercelli,Matera,OK,977823,35969,977803,35992,20,-23
Vercelli,Messina,OK,1323124,51505,1323647,51526,-523,-21
Vercelli,Milano,OK,74898,3744,74894,3744,4,0
Vercelli,Modena,OK,251471,8808,251467,8807,4,1
Vercelli,Monza,OK,82175,3846,82435,3853,-260,-7
Vercelli,Napoli,OK,846696,27770,846640,27767,56,3
Vercelli,Novara,OK,22790,1411,22786,1411,4,0
Vercelli,Nuoro,OK,1039237,31084,991380,190730,47857,-159646
Vercelli,Olbia,OK,1107294,34120,889587,186460,217707,-152340
Vercelli,Oristano,OK,1120325,34581,1070709,194131,49616,-159550
Vercelli,Padova,OK,304076,11101,304072,11528,4,-427
Vercelli,Palermo,OK,1170174,58492,1548069,60632,-377895,-2140
Vercelli,Parma,OK,199554,7334,199550,7334,4,0
Vercelli,Pavia,OK,69293,3908,68837,3900,456,8
Vercelli,Perugia,OK,527766,18118,527710,18116,56,2
Vercelli,Pesaro,OK,436065,15654,436062,15668,3,-14
Vercelli,Piacenza,OK,142595,5714,142590,5714,5,0
Vercelli,Pisa,OK,301865,12406,301864,12404,1,2
Vercelli,Pistoia,OK,338703,13141,339155,13176,-452,-35
Vercelli,Pordenone,OK,408767,14075,408766,14776,1,-701
Vercelli,Potenza,OK,939815,34509,939788,34522,27,-13
Vercelli,Prato,OK,371881,13107,371824,13105,57,2
Vercelli,Ragusa,OK,1524574,60983,1524912,61003,-338,-20
Vercelli,Ravenna,OK,363529,12940,363524,12939,5,1
Vercelli,Reggio di Calabria,OK,1325316,46882,1325839,46903,-523,-21
Vercelli,Rieti,OK,638056,21837,637996,21834,60,3
Vercelli,Rimini,OK,403454,14271,403451,14285,3,-14
Vercelli,Roma,OK,648765,22109,648708,22106,57,3
Vercelli,Rovigo,OK,361314,11837,361327,11838,-13,-1
Vercelli,Salerno,OK,888662,29450,888606,29447,56,3
Vercelli,Sanluri,OK,1083985,33129,1117858,195656,-33873,-162527
Vercelli,Sassari,OK,1150431,36437,988431,191825,162000,-155388
Vercelli,Savona,OK,144935,6263,144943,6261,-8,2
Vercelli,Siena,OK,440116,15995,440059,15993,57,2
Vercelli,Siracusa,OK,1483640,58128,1484163,58149,-523,-21
Vercelli,Sondrio,OK,199558,9010,199621,9089,-63,-79
Vercelli,Taranto,OK,1037214,37497,1037228,37513,-14,-16
Vercelli,Tempio Pausania,OK,1148398,36326,931749,188673,216649,-152347
Vercelli,Teramo,OK,627283,22375,627253,22381,30,-6
Vercelli,Terni,OK,602305,19822,602250,19820,55,2
Vercelli,Torino,OK,74026,3594,74027,3594,-1,0
Vercelli,Tortolì,OK,948525,26566,1049050,193876,-100525,-167310
Vercelli,Trani,OK,912898,32313,912871,32326,27,-13
Vercelli,Trapani,OK,1270223,62437,1651023,64819,-380800,-2382
Vercelli,Trento,OK,308009,11076,308008,11455,1,-379
Vercelli,Treviso,OK,351185,12672,351184,13099,1,-427
Vercelli,Trieste,OK,491073,17083,491043,17879,30,-796
Vercelli,Udine,OK,450987,15966,451308,16833,-321,-867
Vercelli,Urbino,OK,459621,17144,459617,17158,4,-14
Vercelli,Varese,OK,93870,4060,93864,4060,6,0
Vercelli,Venezia,OK,336307,12141,335778,12521,529,-380
Vercelli,Verbania,OK,92928,4216,92924,4215,4,1
Vercelli,Verona,OK,225656,8646,225659,9081,-3,-435
Vercelli,Vibo Valentia,OK,1236231,43986,1236751,44006,-520,-20
Vercelli,Vicenza,OK,274409,10111,274642,10537,-233,-426
Vercelli,Villacidro,OK,1111801,34504,1134772,196925,-22971,-162421
Vercelli,Viterbo,OK,590119,19823,590070,19822,49,1
Verona,Agrigento,OK,1435231,58092,1435758,58067,-527,25
Verona,Alessandria,OK,238578,8772,238284,9130,294,-358
Verona,Ancona,OK,357270,14314,357281,14284,-11,30
Verona,Andria,OK,759418,26788,759399,26756,19,32
Verona,Aosta,OK,334533,12886,334507,13159,26,-273
Verona,Arezzo,OK,308009,10511,307962,10464,47,47
Verona,Ascoli Piceno,OK,469775,17023,469757,16991,18,32
Verona,Asti,OK,274246,10000,274270,10337,-24,-337
Verona,Avellino,OK,729161,23791,729124,23804,37,-13
Verona,Bari,OK,810037,28842,810018,28810,19,32
Verona,Barletta,OK,758672,26862,758650,26830,22,32
Verona,Belluno,OK,212567,6932,206834,6904,5733,28
Verona,Benevento,OK,711805,23674,711757,23627,48,47
Verona,Bergamo,OK,115621,4391,115626,4663,-5,-272
Verona,Biella,OK,252043,9766,252020,10036,23,-270
Verona,Bologna,OK,143650,4845,143655,4800,-5,45
Verona,Bolzano - Bozen,OK,153923,5488,153913,5488,10,0
Verona,Brescia,OK,71353,2617,71358,2889,-5,-272
Verona,Brindisi,OK,924244,32822,924225,32790,19,32
Verona,Cagliari,OK,945088,28724,1018659,192624,-73571,-163900
Verona,Caltanissetta,OK,1384761,54954,1385289,54930,-528,24
Verona,Campobasso,OK,674151,24575,674132,24543,19,32
Verona,Carbonia,OK,1011483,31494,1048955,194580,-37472,-163086
Verona,Caserta,OK,677663,21996,677615,21949,48,47
Verona,Catania,OK,1275479,50603,1276010,50579,-531,24
Verona,Catanzaro,OK,1091391,38376,1091920,38351,-529,25
Verona,Chieti,OK,518750,18571,518470,18529,280,42
Verona,Como,OK,199470,7167,199475,7440,-5,-273
Verona,Cosenza,OK,998403,34660,998931,34635,-528,25
Verona,Cremona,OK,112164,4057,112169,4393,-5,-336
Verona,Crotone,OK,1076894,39617,1077423,39593,-529,24
Verona,Cuneo,OK,366269,14581,366282,14917,-13,-336
Verona,Enna,OK,1359398,54099,1359926,54074,-528,25
Verona,Fermo,OK,415062,15337,415044,15305,18,32
Verona,Ferrara,OK,100972,5019,101008,4948,-36,71
Verona,Firenze,OK,237131,8586,237083,8538,48,48
Verona,Foggia,OK,689598,23915,689580,23883,18,32
Verona,Forlì,OK,213943,8106,213939,8060,4,46
Verona,Frosinone,OK,568470,18756,568422,18709,48,47
Verona,Genova,OK,292394,10513,292399,10847,-5,-334
Verona,Gorizia,OK,247005,8779,241285,9089,5720,-310
Verona,Grosseto,OK,370391,14478,370844,14429,-453,49
Verona,Iglesias,OK,988790,30452,1021984,193578,-33194,-163126
Verona,Imperia,OK,390861,14643,390866,14979,-5,-336
Verona,Isernia,OK,659126,22305,659077,22313,49,-8
Verona,L'Aquila,OK,595046,19110,594996,19063,50,47
Verona,La Spezia,OK,259279,9125,259284,9080,-5,45
Verona,Lanusei,OK,823335,22366,907916,188861,-84581,-166495
Verona,Latina,OK,571059,19638,571011,19572,48,66
Verona,Lecce,OK,959618,34223,959599,34191,19,32
Verona,Lecco,OK,148307,6228,148312,6500,-5,-272
Verona,Livorno,OK,310305,11490,310257,11443,48,47
Verona,Lodi,OK,138225,6350,138231,6623,-6,-273
Verona,Macerata,OK,417686,15218,417670,15186,16,32
Verona,Mantova,OK,43521,1658,43525,1612,-4,46
Verona,Massa,OK,276364,9872,276372,9827,-8,45
Verona,Matera,OK,834588,30927,834576,30905,12,22
Verona,Messina,OK,1179889,46463,1180420,46439,-531,24
Verona,Milano,OK,159081,6038,159085,6310,-4,-272
Verona,Modena,OK,108236,3766,108240,3720,-4,46
Verona,Monza,OK,151163,5517,151168,5789,-5,-272
Verona,Napoli,OK,703461,22728,703413,22680,48,48
Verona,Novara,OK,203464,8007,203460,8279,4,-272
Verona,Nuoro,OK,896002,26042,848153,185643,47849,-159601
Verona,Olbia,OK,964058,29078,746360,181373,217698,-152295
Verona,Oristano,OK,977090,29539,927482,189044,49608,-159505
Verona,Padova,OK,89334,3206,83599,3179,5735,27
Verona,Palermo,OK,1026939,53450,1404842,55545,-377903,-2095
Verona,Parma,OK,144129,5159,144134,5114,-5,45
Verona,Pavia,OK,205444,7462,205448,7798,-4,-336
Verona,Perugia,OK,384531,13076,384483,13029,48,47
Verona,Pesaro,OK,292830,10612,292835,10582,-5,30
Verona,Piacenza,OK,145503,5363,145507,5695,-4,-332
Verona,Pisa,OK,301988,10611,301941,10555,47,56
Verona,Pistoia,OK,245243,8447,245649,8436,-406,11
Verona,Pordenone,OK,194026,6180,188293,6426,5733,-246
Verona,Potenza,OK,796580,29467,796561,29435,19,32
Verona,Prato,OK,228645,8065,228597,8018,48,47
Verona,Ragusa,OK,1381339,55941,1381685,55916,-346,25
Verona,Ravenna,OK,220294,7898,220297,7852,-3,46
Verona,Reggio di Calabria,OK,1182081,41840,1182612,41816,-531,24
Verona,Rieti,OK,494820,16795,494769,16747,51,48
Verona,Rimini,OK,260219,9229,260224,9199,-5,30
Verona,Roma,OK,505529,17067,505481,17019,48,48
Verona,Rovigo,OK,91056,4011,91092,3939,-36,72
Verona,Salerno,OK,745427,24408,745380,24360,47,48
Verona,Sanluri,OK,940750,28087,974631,190569,-33881,-162482
Verona,Sassari,OK,1007196,31395,845205,186738,161991,-155343
Verona,Savona,OK,315482,11663,315495,12000,-13,-337
Verona,Siena,OK,296881,10953,296833,10906,48,47
Verona,Siracusa,OK,1340405,53086,1340936,53062,-531,24
Verona,Sondrio,OK,208241,9806,208326,10146,-85,-340
Verona,Taranto,OK,893979,32455,894001,32426,-22,29
Verona,Tempio Pausania,OK,1005163,31284,788522,183587,216641,-152303
Verona,Teramo,OK,484048,17333,484026,17294,22,39
Verona,Terni,OK,459070,14780,459023,14733,47,47
Verona,Torino,OK,291319,11249,291323,11521,-4,-272
Verona,Tortolì,OK,805289,21524,905823,188789,-100534,-167265
Verona,Trani,OK,769663,27271,769644,27239,19,32
Verona,Trapani,OK,1126988,57395,1507796,59732,-380808,-2337
Verona,Trento,OK,97876,3289,97866,3290,10,-1
Verona,Treviso,OK,136443,4777,130710,4750,5733,27
Verona,Trieste,OK,276332,9188,270569,9529,5763,-341
Verona,Udine,OK,236246,8071,230835,8484,5411,-413
Verona,Urbino,OK,316386,12102,316390,12071,-4,31
Verona,Varese,OK,207516,7472,207521,7745,-5,-273
Verona,Venezia,OK,121566,4245,115304,4172,6262,73
Verona,Verbania,OK,251865,9493,251875,9765,-10,-272
Verona,Vercelli,OK,234520,9010,234521,9281,-1,-271
Verona,Vibo Valentia,OK,1092995,38944,1093524,38920,-529,24
Verona,Vicenza,OK,59667,2215,54168,2187,5499,28
Verona,Villacidro,OK,968566,29462,991545,191838,-22979,-162376
Verona,Viterbo,OK,446884,14781,446843,14735,41,46
Vibo Valentia,Agrigento,OK,348513,20652,348509,20652,4,0
Vibo Valentia,Alessandria,OK,1197020,42120,1196714,42623,306,-503
Vibo Valentia,Ancona,OK,763183,30967,763254,30970,-71,-3
Vibo Valentia,Andria,OK,403396,18090,403330,18087,66,3
Vibo Valentia,Aosta,OK,1345273,47758,1345236,48242,37,-484
Vibo Valentia,Arezzo,OK,804093,29324,804164,29327,-71,-3
Vibo Valentia,Ascoli Piceno,OK,710773,27996,710844,27995,-71,1
Vibo Valentia,Asti,OK,1232688,43348,1232700,43830,-12,-482
Vibo Valentia,Avellino,OK,383952,15761,384021,15764,-69,-3
Vibo Valentia,Bari,OK,358556,16260,358490,16256,66,4
Vibo Valentia,Barletta,OK,408881,18221,408816,18218,65,3
Vibo Valentia,Belluno,OK,1207298,41714,1207294,42097,4,-383
Vibo Valentia,Benevento,OK,419742,17185,419812,17188,-70,-3
Vibo Valentia,Bergamo,OK,1188019,41831,1205067,42373,-17048,-542
Vibo Valentia,Biella,OK,1262783,44637,1262748,45119,35,-482
Vibo Valentia,Bologna,OK,964231,34619,964225,35002,6,-383
Vibo Valentia,Bolzano - Bozen,OK,1229329,42872,1229322,43353,7,-481
Vibo Valentia,Brescia,OK,1143751,40057,1143745,40753,6,-696
Vibo Valentia,Brindisi,OK,358511,16312,358510,16326,1,-14
Vibo Valentia,Cagliari,OK,1132861,36911,1206542,200861,-73681,-163950
Vibo Valentia,Caltanissetta,OK,298043,17514,298040,17514,3,0
Vibo Valentia,Campobasso,OK,483413,20724,483482,20727,-69,-3
Vibo Valentia,Carbonia,OK,1199255,39681,1236838,202816,-37583,-163135
Vibo Valentia,Caserta,OK,423198,17413,423268,17416,-70,-3
Vibo Valentia,Catania,OK,188761,13163,188761,13163,0,0
Vibo Valentia,Catanzaro,OK,70289,3291,70289,3291,0,0
Vibo Valentia,Chieti,OK,608431,26021,616956,26113,-8525,-92
Vibo Valentia,Como,OK,1212834,42137,1212827,42621,7,-484
Vibo Valentia,Cosenza,OK,98539,4421,98538,4421,1,0
Vibo Valentia,Cremona,OK,1128879,39589,1128872,40070,7,-481
Vibo Valentia,Crotone,OK,137104,7004,137104,7004,0,0
Vibo Valentia,Cuneo,OK,1234440,45022,1234517,45026,-77,-4
Vibo Valentia,Enna,OK,272680,16659,272677,16659,3,0
Vibo Valentia,Fermo,OK,710261,28976,710332,28979,-71,-3
Vibo Valentia,Ferrara,OK,1009062,36042,1009055,36425,7,-383
Vibo Valentia,Firenze,OK,859917,30966,860314,30968,-397,-2
Vibo Valentia,Foggia,OK,419318,19122,419389,19125,-71,-3
Vibo Valentia,Forlì,OK,937074,35615,937144,35617,-70,-2
Vibo Valentia,Frosinone,OK,532771,20414,532840,20417,-69,-3
Vibo Valentia,Genova,OK,1094331,39424,1094401,39425,-70,-1
Vibo Valentia,Gorizia,OK,1241735,43561,1241745,44281,-10,-720
Vibo Valentia,Grosseto,OK,788927,30376,788998,30379,-71,-3
Vibo Valentia,Iglesias,OK,1176563,38639,1209867,201814,-33304,-163175
Vibo Valentia,Imperia,OK,1210947,44005,1211018,44008,-71,-3
Vibo Valentia,Isernia,OK,495883,20346,495953,20449,-70,-103
Vibo Valentia,L'Aquila,OK,618996,24416,619034,24413,-38,3
Vibo Valentia,La Spezia,OK,1007959,35890,1008029,35893,-70,-3
Vibo Valentia,Lanusei,OK,1011108,30554,1095799,197098,-84691,-166544
Vibo Valentia,Latina,OK,579446,23034,579516,23040,-70,-6
Vibo Valentia,Lecce,OK,394664,17748,394663,17762,1,-14
Vibo Valentia,Lecco,OK,1212415,42364,1212408,42848,7,-484
Vibo Valentia,Livorno,OK,949309,34647,949379,34650,-70,-3
Vibo Valentia,Lodi,OK,1136291,39574,1136285,40055,6,-481
Vibo Valentia,Macerata,OK,746674,30564,746748,30567,-74,-3
Vibo Valentia,Mantova,OK,1058971,37372,1058965,37853,6,-481
Vibo Valentia,Massa,OK,979931,34817,980004,34820,-73,-3
Vibo Valentia,Matera,OK,293096,14001,293073,14015,23,-14
Vibo Valentia,Messina,OK,93171,9023,93171,9023,0,0
Vibo Valentia,Milano,OK,1160651,40369,1160643,40852,8,-483
Vibo Valentia,Modena,OK,992735,35795,992735,36276,0,-481
Vibo Valentia,Monza,OK,1172839,40767,1172832,41250,7,-483
Vibo Valentia,Napoli,OK,407491,16739,407561,16742,-70,-3
Vibo Valentia,Novara,OK,1214205,42879,1214189,43362,16,-483
Vibo Valentia,Nuoro,OK,1083775,34229,1036036,193880,47739,-159651
Vibo Valentia,Olbia,OK,1151831,37266,934244,189609,217587,-152343
Vibo Valentia,Oristano,OK,1164862,37726,1115365,197280,49497,-159554
Vibo Valentia,Padova,OK,1079994,38099,1079985,38482,9,-383
Vibo Valentia,Palermo,OK,317593,18127,317593,18130,0,-3
Vibo Valentia,Parma,OK,1045378,37474,1045372,37955,6,-481
Vibo Valentia,Pavia,OK,1149525,40720,1149538,41203,-13,-483
Vibo Valentia,Perugia,OK,758126,28838,758195,28841,-69,-3
Vibo Valentia,Pesaro,OK,826421,33405,826481,33407,-60,-2
Vibo Valentia,Piacenza,OK,1099852,38502,1099846,38980,6,-478
Vibo Valentia,Pisa,OK,940429,34174,940499,34177,-70,-3
Vibo Valentia,Pistoia,OK,898770,32063,899293,32102,-523,-39
Vibo Valentia,Pordenone,OK,1188756,40962,1188753,41619,3,-657
Vibo Valentia,Potenza,OK,313170,13622,313241,13625,-71,-3
Vibo Valentia,Prato,OK,882172,31681,882242,31684,-70,-3
Vibo Valentia,Ragusa,OK,294621,18501,294436,18501,185,0
Vibo Valentia,Ravenna,OK,951417,36129,951487,36094,-70,35
Vibo Valentia,Reggio di Calabria,OK,95363,4400,95363,4400,0,0
Vibo Valentia,Rieti,OK,678838,25890,678908,25886,-70,4
Vibo Valentia,Rimini,OK,856855,34441,856914,34444,-59,-3
Vibo Valentia,Roma,OK,609151,23351,609220,23354,-69,-3
Vibo Valentia,Rovigo,OK,1041942,36717,1041952,37101,-10,-384
Vibo Valentia,Salerno,OK,353539,14506,353609,14508,-70,-2
Vibo Valentia,Sanluri,OK,1128523,36274,1162514,198805,-33991,-162531
Vibo Valentia,Sassari,OK,1194968,39583,1033088,194974,161880,-155391
Vibo Valentia,Savona,OK,1135568,41025,1135646,41029,-78,-4
Vibo Valentia,Siena,OK,833691,30486,833761,30489,-70,-3
Vibo Valentia,Siracusa,OK,253687,15646,253687,15646,0,0
Vibo Valentia,Sondrio,OK,1291973,46039,1292033,46601,-60,-562
Vibo Valentia,Taranto,OK,294818,13706,294818,13706,0,0
Vibo Valentia,Tempio Pausania,OK,1192936,39471,976405,191823,216531,-152352
Vibo Valentia,Teramo,OK,676639,26016,676710,26015,-71,1
Vibo Valentia,Terni,OK,689184,26208,689255,26211,-71,-3
Vibo Valentia,Torino,OK,1279685,45348,1279679,45829,6,-481
Vibo Valentia,Tortolì,OK,993062,29711,1093707,197025,-100645,-167314
Vibo Valentia,Trani,OK,395711,17716,395645,17712,66,4
Vibo Valentia,Trapani,OK,420547,22314,420547,22317,0,-3
Vibo Valentia,Trento,OK,1173282,40673,1173276,41154,6,-481
Vibo Valentia,Treviso,OK,1131174,39559,1131170,39942,4,-383
Vibo Valentia,Trieste,OK,1271062,43970,1271029,44722,33,-752
Vibo Valentia,Udine,OK,1230976,42853,1231295,43676,-319,-823
Vibo Valentia,Urbino,OK,847989,34108,848053,34124,-64,-16
Vibo Valentia,Varese,OK,1220880,42442,1220873,42926,7,-484
Vibo Valentia,Venezia,OK,1116296,39027,1115764,39364,532,-337
Vibo Valentia,Verbania,OK,1265229,44463,1265227,44946,2,-483
Vibo Valentia,Vercelli,OK,1245261,43881,1245249,44364,12,-483
Vibo Valentia,Verona,OK,1091300,38392,1091300,38839,0,-447
Vibo Valentia,Vicenza,OK,1112282,39051,1112276,39435,6,-384
Vibo Valentia,Villacidro,OK,1156338,37649,1179429,200074,-23091,-162425
Vibo Valentia,Viterbo,OK,693650,26578,693720,26581,-70,-3
Vicenza,Agrigento,OK,1457136,58943,1457658,58982,-522,-39
Vicenza,Alessandria,OK,289183,10323,288304,10658,879,-335
Vicenza,Ancona,OK,359960,14393,359965,14426,-5,-33
Vicenza,Andria,OK,762107,26867,762084,26899,23,-32
Vicenza,Aosta,OK,385138,14438,384527,14687,611,-249
Vicenza,Arezzo,OK,329914,11362,329862,11378,52,-16
Vicenza,Ascoli Piceno,OK,472465,17102,472441,17134,24,-32
Vicenza,Asti,OK,324851,11551,324290,11865,561,-314
Vicenza,Avellino,OK,751067,24642,751025,24718,42,-76
Vicenza,Bari,OK,812726,28921,812703,28952,23,-31
Vicenza,Barletta,OK,761361,26941,761335,26973,26,-32
Vicenza,Belluno,OK,160080,5417,160083,5435,-3,-18
Vicenza,Benevento,OK,733711,24525,733657,24541,54,-16
Vicenza,Bergamo,OK,166226,5943,165646,6191,580,-248
Vicenza,Biella,OK,302647,11317,302040,11564,607,-247
Vicenza,Bologna,OK,151480,5090,151479,5108,1,-18
Vicenza,Bolzano - Bozen,OK,207682,7110,207102,7062,580,48
Vicenza,Brescia,OK,121957,4168,121378,4417,579,-249
Vicenza,Brindisi,OK,926934,32901,926910,32932,24,-31
Vicenza,Cagliari,OK,966994,29575,1040559,193538,-73565,-163963
Vicenza,Caltanissetta,OK,1406667,55805,1407189,55844,-522,-39
Vicenza,Campobasso,OK,676841,24654,676817,24686,24,-32
Vicenza,Carbonia,OK,1033388,32345,1070855,195494,-37467,-163149
Vicenza,Caserta,OK,699568,22847,699516,22863,52,-16
Vicenza,Catania,OK,1297384,51454,1297910,51493,-526,-39
Vicenza,Catanzaro,OK,1113296,39227,1113820,39265,-524,-38
Vicenza,Chieti,OK,521440,18650,521155,18671,285,-21
Vicenza,Como,OK,250074,8719,249495,8968,579,-249
Vicenza,Cosenza,OK,1020308,35511,1020831,35549,-523,-38
Vicenza,Cremona,OK,162768,5609,162189,5921,579,-312
Vicenza,Crotone,OK,1098800,40468,1099323,40507,-523,-39
Vicenza,Cuneo,OK,416874,16132,416302,16445,572,-313
Vicenza,Enna,OK,1381304,54950,1381826,54989,-522,-39
Vicenza,Fermo,OK,417752,15416,417728,15448,24,-32
Vicenza,Ferrara,OK,120755,4320,120755,4338,0,-18
Vicenza,Firenze,OK,259037,9437,258984,9453,53,-16
Vicenza,Foggia,OK,692288,23994,692264,24025,24,-31
Vicenza,Forlì,OK,216632,8185,216623,8202,9,-17
Vicenza,Frosinone,OK,590376,19607,590323,19623,53,-16
Vicenza,Genova,OK,342999,12065,342419,12375,580,-310
Vicenza,Gorizia,OK,194518,7264,194534,7619,-16,-355
Vicenza,Grosseto,OK,392297,15329,392744,15343,-447,-14
Vicenza,Iglesias,OK,1010696,31303,1043884,194492,-33188,-163189
Vicenza,Imperia,OK,441466,16194,440887,16507,579,-313
Vicenza,Isernia,OK,681032,23156,680978,23227,54,-71
Vicenza,L'Aquila,OK,544547,19196,544476,19226,71,-30
Vicenza,La Spezia,OK,309883,10676,309304,10608,579,68
Vicenza,Lanusei,OK,845241,23217,929817,189775,-84576,-166558
Vicenza,Latina,OK,592965,20489,592912,20486,53,3
Vicenza,Lecce,OK,962308,34302,962283,34334,25,-32
Vicenza,Lecco,OK,198912,7780,198332,8028,580,-248
Vicenza,Livorno,OK,332211,12341,332158,12357,53,-16
Vicenza,Lodi,OK,188830,7901,188251,8151,579,-250
Vicenza,Macerata,OK,420375,15297,420354,15328,21,-31
Vicenza,Mantova,OK,94125,3209,93545,3140,580,69
Vicenza,Massa,OK,326968,11423,326392,11355,576,68
Vicenza,Matera,OK,837278,31007,837261,31047,17,-40
Vicenza,Messina,OK,1201795,47314,1202321,47353,-526,-39
Vicenza,Milano,OK,209685,7589,209105,7838,580,-249
Vicenza,Modena,OK,158840,5317,158261,5248,579,69
Vicenza,Monza,OK,201768,7068,201188,7317,580,-249
Vicenza,Napoli,OK,725366,23579,725313,23594,53,-15
Vicenza,Novara,OK,254069,9559,253481,9807,588,-248
Vicenza,Nuoro,OK,917908,26893,870053,186557,47855,-159664
Vicenza,Olbia,OK,985964,29929,768261,182287,217703,-152358
Vicenza,Oristano,OK,998995,30390,949383,189958,49612,-159568
Vicenza,Padova,OK,36847,1691,36847,1709,0,-18
Vicenza,Palermo,OK,1048845,54301,1426743,56460,-377898,-2159
Vicenza,Parma,OK,194734,6711,194154,6642,580,69
Vicenza,Pavia,OK,256048,9013,255468,9326,580,-313
Vicenza,Perugia,OK,406436,13927,406383,13943,53,-16
Vicenza,Pesaro,OK,295520,10692,295519,10724,1,-32
Vicenza,Piacenza,OK,196107,6914,195527,7223,580,-309
Vicenza,Pisa,OK,323894,11462,323841,11469,53,-7
Vicenza,Pistoia,OK,267149,9298,267549,9350,-400,-52
Vicenza,Pordenone,OK,141539,4665,141542,4957,-3,-292
Vicenza,Potenza,OK,799269,29546,799246,29577,23,-31
Vicenza,Prato,OK,250551,8916,250498,8932,53,-16
Vicenza,Ragusa,OK,1403245,56792,1403586,56831,-341,-39
Vicenza,Ravenna,OK,222983,7977,222981,7994,2,-17
Vicenza,Reggio di Calabria,OK,1203987,42691,1204513,42730,-526,-39
Vicenza,Rieti,OK,516726,17646,516670,17661,56,-15
Vicenza,Rimini,OK,262909,9309,262908,9341,1,-32
Vicenza,Roma,OK,527435,17918,527382,17933,53,-15
Vicenza,Rovigo,OK,77931,3006,77930,3027,1,-21
Vicenza,Salerno,OK,767333,25259,767280,25274,53,-15
Vicenza,Sanluri,OK,962656,28938,996532,191483,-33876,-162545
Vicenza,Sassari,OK,1029101,32246,867105,187652,161996,-155406
Vicenza,Savona,OK,366087,13215,365515,13528,572,-313
Vicenza,Siena,OK,318787,11804,318733,11820,54,-16
Vicenza,Siracusa,OK,1362310,53937,1362836,53976,-526,-39
Vicenza,Sondrio,OK,258845,11358,258346,11674,499,-316
Vicenza,Taranto,OK,896669,32534,896686,32568,-17,-34
Vicenza,Tempio Pausania,OK,1027068,32135,810422,184501,216646,-152366
Vicenza,Teramo,OK,486738,17412,486711,17437,27,-25
Vicenza,Terni,OK,480976,15631,480923,15647,53,-16
Vicenza,Torino,OK,341923,12800,341343,13049,580,-249
Vicenza,Tortolì,OK,827195,22375,927724,189703,-100529,-167328
Vicenza,Trani,OK,772352,27350,772329,27382,23,-32
Vicenza,Trapani,OK,1148894,58246,1529697,60646,-380803,-2400
Vicenza,Trento,OK,96684,4904,151055,4863,-54371,41
Vicenza,Treviso,OK,83956,3262,83959,3280,-3,-18
Vicenza,Trieste,OK,223845,7673,223818,8060,27,-387
Vicenza,Udine,OK,183759,6556,184084,7014,-325,-458
Vicenza,Urbino,OK,319075,12181,319075,12213,0,-32
Vicenza,Varese,OK,258121,9024,257541,9272,580,-248
Vicenza,Venezia,OK,69079,2730,68553,2702,526,28
Vicenza,Verbania,OK,302469,11044,301895,11293,574,-249
Vicenza,Vercelli,OK,285125,10561,284541,10809,584,-248
Vicenza,Verona,OK,55113,2224,54533,2176,580,48
Vicenza,Vibo Valentia,OK,1114901,39795,1115425,39834,-524,-39
Vicenza,Villacidro,OK,990471,30313,1013446,192752,-22975,-162439
Vicenza,Viterbo,OK,468790,15632,468744,15649,46,-17
Villacidro,Agrigento,OK,592343,53143,1516286,218954,-923943,-165811
Villacidro,Alessandria,OK,1071316,32852,1093066,195444,-21750,-162592
Villacidro,Ancona,OK,860811,25087,882967,187182,-22156,-162095
Villacidro,Andria,OK,913743,28343,936639,190485,-22896,-162142
Villacidro,Aosta,OK,1219570,38489,1241588,201063,-22018,-162574
Villacidro,Arezzo,OK,678389,20055,700516,182148,-22127,-162093
Villacidro,Ascoli Piceno,OK,759388,21965,781544,184059,-22156,-162094
Villacidro,Asti,OK,1106984,34079,1129052,196651,-22068,-162572
Villacidro,Avellino,OK,787516,22538,809653,184691,-22137,-162153
Villacidro,Bari,OK,964362,30396,987259,192539,-22897,-162143
Villacidro,Barletta,OK,912997,28417,935891,190559,-22894,-162142
Villacidro,Belluno,OK,1081594,32445,1103646,194918,-22052,-162473
Villacidro,Benevento,OK,770160,22421,792285,184514,-22125,-162093
Villacidro,Bergamo,OK,1062316,32562,1101419,195194,-39103,-162632
Villacidro,Biella,OK,1137080,35369,1159100,197940,-22020,-162571
Villacidro,Bologna,OK,838527,25350,860577,187823,-22050,-162473
Villacidro,Bolzano - Bozen,OK,1103625,33603,1125674,196174,-22049,-162571
Villacidro,Brescia,OK,1018047,30788,1040097,193574,-22050,-162786
Villacidro,Brindisi,OK,1078570,34377,1101465,196519,-22895,-162142
Villacidro,Cagliari,OK,48418,2721,49411,2833,-993,-112
Villacidro,Caltanissetta,OK,594309,51587,1465817,215817,-871508,-164230
Villacidro,Campobasso,OK,766564,23749,788688,185897,-22124,-162148
Villacidro,Carbonia,OK,65035,3933,66030,4044,-995,-111
Villacidro,Caserta,OK,736017,20743,758144,182836,-22127,-162093
Villacidro,Catania,OK,1333833,49350,1356538,211466,-22705,-162116
Villacidro,Catanzaro,OK,1149746,37123,1172448,199238,-22702,-162115
Villacidro,Chieti,OK,750515,21138,769264,183241,-18749,-162103
Villacidro,Como,OK,1087130,32869,1109179,195442,-22049,-162573
Villacidro,Cosenza,OK,1056757,33407,1079459,195522,-22702,-162115
Villacidro,Cremona,OK,1003175,30320,1025224,192891,-22049,-162571
Villacidro,Crotone,OK,1135249,38364,1157951,200480,-22702,-162116
Villacidro,Cuneo,OK,1108736,35754,1130869,197847,-22133,-162093
Villacidro,Enna,OK,595772,51880,1440454,214961,-844682,-163081
Villacidro,Fermo,OK,807888,23096,830045,185190,-22157,-162094
Villacidro,Ferrara,OK,883358,26773,905407,189246,-22049,-162473
Villacidro,Firenze,OK,734213,21697,756665,183789,-22452,-162092
Villacidro,Foggia,OK,931650,26792,953797,188886,-22147,-162094
Villacidro,Forlì,OK,811370,26346,833496,188438,-22126,-162092
Villacidro,Frosinone,OK,626825,17503,648951,179596,-22126,-162093
Villacidro,Genova,OK,968627,30155,990753,192246,-22126,-162091
Villacidro,Gorizia,OK,1116031,34293,1138097,197102,-22066,-162809
Villacidro,Grosseto,OK,576835,17788,598961,179880,-22126,-162092
Villacidro,Iglesias,OK,48306,2969,49302,3081,-996,-112
Villacidro,Imperia,OK,1085243,34737,1107370,196829,-22127,-162092
Villacidro,Isernia,OK,717481,21052,739605,183200,-22124,-162148
Villacidro,L'Aquila,OK,667610,18385,689734,180477,-22124,-162092
Villacidro,La Spezia,OK,882256,26621,904381,188714,-22125,-162093
Villacidro,Lanusei,OK,158600,7477,154185,7490,4415,-13
Villacidro,Latina,OK,598347,17218,620472,179310,-22125,-162092
Villacidro,Lecce,OK,1113944,35778,1136839,197920,-22895,-162142
Villacidro,Lecco,OK,1086711,33096,1108760,195669,-22049,-162573
Villacidro,Livorno,OK,712734,23787,734860,185880,-22126,-162093
Villacidro,Lodi,OK,1010588,30306,1032636,192876,-22048,-162570
Villacidro,Macerata,OK,722034,24259,744162,186341,-22128,-162082
Villacidro,Mantova,OK,933267,28104,955317,190674,-22050,-162570
Villacidro,Massa,OK,854227,25548,876356,187641,-22129,-162093
Villacidro,Matera,OK,960982,32118,983856,194274,-22874,-162156
Villacidro,Messina,OK,1238244,45210,1260949,207326,-22705,-162116
Villacidro,Milano,OK,1034947,31100,1056995,193673,-22048,-162573
Villacidro,Modena,OK,867032,26527,889086,189097,-22054,-162570
Villacidro,Monza,OK,1047135,31498,1069184,194071,-22049,-162573
Villacidro,Napoli,OK,761815,21475,783941,183567,-22126,-162092
Villacidro,Novara,OK,1088501,33610,1110541,196183,-22040,-162573
Villacidro,Nuoro,OK,152926,6792,152703,6795,223,-3
Villacidro,Olbia,OK,245580,10670,245359,10672,221,-2
Villacidro,Oristano,OK,66954,3180,66731,3183,223,-3
Villacidro,Padova,OK,954290,28830,976337,191303,-22047,-162473
Villacidro,Palermo,OK,469238,46297,1485371,216432,-1016133,-170135
Villacidro,Parma,OK,919674,28206,941724,190776,-22050,-162570
Villacidro,Pavia,OK,1023821,31452,1045890,194024,-22069,-162572
Villacidro,Perugia,OK,648481,19828,670606,181920,-22125,-162092
Villacidro,Pesaro,OK,773174,26268,795294,188361,-22120,-162093
Villacidro,Piacenza,OK,974148,29234,996198,191801,-22050,-162567
Villacidro,Pisa,OK,726603,24704,748729,186796,-22126,-162092
Villacidro,Pistoia,OK,773066,22794,795645,184923,-22579,-162129
Villacidro,Pordenone,OK,1063053,31693,1085105,194440,-22052,-162747
Villacidro,Potenza,OK,916147,28270,938274,190363,-22127,-162093
Villacidro,Prato,OK,756468,22412,778594,184505,-22126,-162093
Villacidro,Ragusa,OK,1439694,54688,1462214,216803,-22520,-162115
Villacidro,Ravenna,OK,825713,26861,847839,188915,-22126,-162054
Villacidro,Reggio di Calabria,OK,1240436,40588,1263140,202703,-22704,-162115
Villacidro,Rieti,OK,617222,18179,639348,180271,-22126,-162092
Villacidro,Rimini,OK,798023,26657,820190,188750,-22167,-162093
Villacidro,Roma,OK,539143,15133,561230,177222,-22087,-162089
Villacidro,Rovigo,OK,916238,27449,938304,189922,-22066,-162473
Villacidro,Salerno,OK,803782,23155,825908,185247,-22126,-162092
Villacidro,Sanluri,OK,21218,1628,20994,1631,224,-3
Villacidro,Sassari,OK,187428,8241,185656,8190,1772,51
Villacidro,Savona,OK,1009864,31757,1031998,193850,-22134,-162093
Villacidro,Siena,OK,707988,21218,730113,183310,-22125,-162092
Villacidro,Siracusa,OK,1398759,51834,1421464,213949,-22705,-162115
Villacidro,Sondrio,OK,1166269,36770,1188385,199422,-22116,-162652
Villacidro,Taranto,OK,1048305,34010,1071242,196155,-22937,-162145
Villacidro,Tempio Pausania,OK,222096,10305,221880,10309,216,-4
Villacidro,Teramo,OK,725254,19985,747410,182079,-22156,-162094
Villacidro,Terni,OK,579540,17197,601666,179290,-22126,-162093
Villacidro,Torino,OK,1153981,36080,1176031,198650,-22050,-162570
Villacidro,Tortolì,OK,163480,8188,156456,8217,7024,-29
Villacidro,Trani,OK,923988,28826,946884,190968,-22896,-162142
Villacidro,Trapani,OK,569287,50241,1588325,220619,-1019038,-170378
Villacidro,Trento,OK,1047578,31405,1069628,193975,-22050,-162570
Villacidro,Treviso,OK,1005470,30291,1027522,192763,-22052,-162472
Villacidro,Trieste,OK,1145358,34702,1167381,197543,-22023,-162841
Villacidro,Udine,OK,1105272,33584,1127647,196497,-22375,-162913
Villacidro,Urbino,OK,738345,25098,760465,187203,-22120,-162105
Villacidro,Varese,OK,1095177,33174,1117225,195747,-22048,-162573
Villacidro,Venezia,OK,990593,29759,1012116,192185,-21523,-162426
Villacidro,Verbania,OK,1139525,35194,1161579,197767,-22054,-162573
Villacidro,Vercelli,OK,1119557,34613,1141601,197185,-22044,-162572
Villacidro,Verona,OK,965596,29124,987652,191660,-22056,-162536
Villacidro,Vibo Valentia,OK,1151350,37691,1174053,199807,-22703,-162116
Villacidro,Vicenza,OK,986578,29782,1008628,192256,-22050,-162474
Villacidro,Viterbo,OK,524873,15032,546999,177125,-22126,-162093
Viterbo,Agrigento,OK,1035656,46038,1036230,46061,-574,-23
Viterbo,Alessandria,OK,550133,18235,549758,18735,375,-500
Viterbo,Ancona,OK,254656,11190,254656,11190,0,0
Viterbo,Andria,OK,455813,17542,456584,17592,-771,-50
Viterbo,Aosta,OK,698387,23873,698279,24354,108,-481
Viterbo,Arezzo,OK,157206,5439,157207,5439,-1,0
Viterbo,Ascoli Piceno,OK,180456,9201,180493,9198,-37,3
Viterbo,Asti,OK,585801,19463,585744,19942,57,-479
Viterbo,Avellino,OK,329586,11738,329597,11797,-11,-59
Viterbo,Bari,OK,506432,19596,507203,19645,-771,-49
Viterbo,Barletta,OK,455068,17616,455835,17666,-767,-50
Viterbo,Belluno,OK,560411,17829,560338,18209,73,-380
Viterbo,Benevento,OK,312230,11620,312230,11620,0,0
Viterbo,Bergamo,OK,541133,17945,558111,18485,-16978,-540
Viterbo,Biella,OK,615897,20752,615792,21231,105,-479
Viterbo,Bologna,OK,317344,10734,317269,11114,75,-380
Viterbo,Bolzano - Bozen,OK,582442,18987,582366,19465,76,-478
Viterbo,Brescia,OK,496864,16171,496788,16865,76,-694
Viterbo,Brindisi,OK,620640,23576,621410,23626,-770,-50
Viterbo,Cagliari,OK,503066,14413,576677,178360,-73611,-163947
Viterbo,Caltanissetta,OK,985186,42900,985762,42924,-576,-24
Viterbo,Campobasso,OK,308634,12948,308633,13003,1,-55
Viterbo,Carbonia,OK,569460,17183,606973,180315,-37513,-163132
Viterbo,Caserta,OK,278087,9942,278088,9943,-1,-1
Viterbo,Catania,OK,875904,38549,876483,38572,-579,-23
Viterbo,Catanzaro,OK,691816,26322,692393,26345,-577,-23
Viterbo,Chieti,OK,278376,9810,274999,9821,3377,-11
Viterbo,Como,OK,565947,18252,565870,18733,77,-481
Viterbo,Cosenza,OK,598827,22606,599404,22629,-577,-23
Viterbo,Cremona,OK,481992,15704,481916,16182,76,-478
Viterbo,Crotone,OK,677319,27564,677896,27587,-577,-23
Viterbo,Cuneo,OK,587554,21137,587561,21138,-7,-1
Viterbo,Enna,OK,959823,42045,960399,42068,-576,-23
Viterbo,Fermo,OK,233475,11177,233474,11177,1,0
Viterbo,Ferrara,OK,362175,12157,362099,12537,76,-380
Viterbo,Firenze,OK,213031,7081,213357,7080,-326,1
Viterbo,Foggia,OK,459510,15464,459531,15466,-21,-2
Viterbo,Forlì,OK,290188,11729,290188,11729,0,0
Viterbo,Frosinone,OK,168895,6703,168895,6702,0,1
Viterbo,Genova,OK,447444,15539,447444,15537,0,2
Viterbo,Gorizia,OK,594849,19676,594789,20393,60,-717
Viterbo,Grosseto,OK,135060,7060,135061,7060,-1,0
Viterbo,Iglesias,OK,546768,16141,580002,179313,-33234,-163172
Viterbo,Imperia,OK,564061,20120,564061,20120,0,0
Viterbo,Isernia,OK,259551,10251,259550,10306,1,-55
Viterbo,L'Aquila,OK,195471,7057,195469,7057,2,0
Viterbo,La Spezia,OK,361073,12004,361073,12004,0,0
Viterbo,Lanusei,OK,381313,8055,465934,174597,-84621,-166542
Viterbo,Latina,OK,152861,7244,160023,7230,-7162,14
Viterbo,Lecce,OK,656014,24977,656784,25027,-770,-50
Viterbo,Lecco,OK,565529,18479,565452,18960,77,-481
Viterbo,Livorno,OK,302422,10762,302422,10762,0,0
Viterbo,Lodi,OK,489405,15689,489328,16167,77,-478
Viterbo,Macerata,OK,200852,9642,200853,9632,-1,10
Viterbo,Mantova,OK,412084,13487,412008,13965,76,-478
Viterbo,Massa,OK,333044,10932,333048,10932,-4,0
Viterbo,Matera,OK,503052,21317,503800,21381,-748,-64
Viterbo,Messina,OK,780314,34410,780893,34433,-579,-23
Viterbo,Milano,OK,513764,16484,513687,16964,77,-480
Viterbo,Modena,OK,345849,11910,345778,12388,71,-478
Viterbo,Monza,OK,525952,16882,525876,17362,76,-480
Viterbo,Napoli,OK,303885,10674,303886,10674,-1,0
Viterbo,Novara,OK,567318,18994,567232,19474,86,-480
Viterbo,Nuoro,OK,453980,11731,406171,171379,47809,-159648
Viterbo,Olbia,OK,522036,14767,304379,167108,217657,-152341
Viterbo,Oristano,OK,535067,15228,485501,174779,49566,-159551
Viterbo,Padova,OK,433107,14214,433029,14594,78,-380
Viterbo,Palermo,OK,627364,41396,1005315,43539,-377951,-2143
Viterbo,Parma,OK,398491,13589,398416,14067,75,-478
Viterbo,Pavia,OK,502638,16835,502582,17315,56,-480
Viterbo,Perugia,OK,127299,5211,127298,5211,1,0
Viterbo,Pesaro,OK,251991,11651,251985,11652,6,-1
Viterbo,Piacenza,OK,452965,14617,452889,15092,76,-475
Viterbo,Pisa,OK,293543,10289,293543,10289,0,0
Viterbo,Pistoia,OK,251884,8178,252337,8214,-453,-36
Viterbo,Pordenone,OK,541870,17077,541796,17731,74,-654
Viterbo,Potenza,OK,458217,17469,458219,17469,-2,0
Viterbo,Prato,OK,235286,7796,235286,7796,0,0
Viterbo,Ragusa,OK,981764,43887,982158,43910,-394,-23
Viterbo,Ravenna,OK,304531,12244,304530,12206,1,38
Viterbo,Reggio di Calabria,OK,782506,29787,783085,29810,-579,-23
Viterbo,Rieti,OK,94107,4596,94104,4595,3,1
Viterbo,Rimini,OK,276841,12040,276882,12041,-41,-1
Viterbo,Roma,OK,86035,4731,85997,4705,38,26
Viterbo,Rovigo,OK,395056,12832,394995,13213,61,-381
Viterbo,Salerno,OK,345852,12354,345852,12354,0,0
Viterbo,Sanluri,OK,498728,13776,532649,176304,-33921,-162528
Viterbo,Sassari,OK,565173,17084,403223,172473,161950,-155389
Viterbo,Savona,OK,488682,17140,488689,17141,-7,-1
Viterbo,Siena,OK,186805,6601,186805,6601,0,0
Viterbo,Siracusa,OK,940830,41033,941409,41056,-579,-23
Viterbo,Sondrio,OK,645087,22153,645077,22713,10,-560
Viterbo,Taranto,OK,590375,23209,591186,23262,-811,-53
Viterbo,Tempio Pausania,OK,563140,16973,346540,169322,216600,-152349
Viterbo,Teramo,OK,253114,8657,253145,8659,-31,-2
Viterbo,Terni,OK,58357,2581,58358,2581,-1,0
Viterbo,Torino,OK,632798,21463,632722,21941,76,-478
Viterbo,Tortolì,OK,363267,7213,463842,174524,-100575,-167311
Viterbo,Trani,OK,466058,18025,466829,18075,-771,-50
Viterbo,Trapani,OK,727413,45341,1108269,47726,-380856,-2385
Viterbo,Trento,OK,526395,16788,526319,17266,76,-478
Viterbo,Treviso,OK,484287,15674,484214,16054,73,-380
Viterbo,Trieste,OK,624175,20085,624073,20834,102,-749
Viterbo,Udine,OK,584089,18968,584338,19788,-249,-820
Viterbo,Urbino,OK,217162,10481,217157,10494,5,-13
Viterbo,Varese,OK,573994,18557,573917,19038,77,-481
Viterbo,Venezia,OK,469410,15142,468808,15476,602,-334
Viterbo,Verbania,OK,618342,20577,618271,21058,71,-481
Viterbo,Vercelli,OK,598374,19996,598293,20476,81,-480
Viterbo,Verona,OK,444413,14507,444344,14950,69,-443
Viterbo,Vibo Valentia,OK,693420,26890,693997,26913,-577,-23
Viterbo,Vicenza,OK,465395,15166,465319,15547,76,-381
Viterbo,Villacidro,OK,526543,15151,549564,177573,-23021,-162422
